,ap_mac,ap_name,rssi,timestamp,room,door_status,room_part
0,70:d3:79:2e:8c:80:,eduroam,-73,1709567555.1718469,LC414,1,4
1,70:d3:79:2e:8c:84:,Guest-CentraleSupelec,-73,1709567555.1718469,LC414,1,4
2,70:d3:79:2e:8c:86:,fabrique2024,-74,1709567555.1718469,LC414,1,4
3,70:d3:79:2e:8c:87:,stop&go,-81,1709567555.1718469,LC414,1,4
4,70:d3:79:2e:8c:88:,stop&go,-80,1709567555.1718469,LC414,1,4
5,70:d3:79:2e:8c:89:,fabrique2024,-83,1709567555.1718469,LC414,1,4
6,70:d3:79:2e:8c:8b:,Guest-CentraleSupelec,-81,1709567555.1718469,LC414,1,4
7,70:d3:79:2e:8c:8c:,CD91,-82,1709567555.1718469,LC414,1,4
8,70:d3:79:2e:8c:8f:,eduroam,-81,1709567555.1718469,LC414,1,4
9,84:3d:c6:f5:f1:87:,stop&go,-84,1709567555.1718469,LC414,1,4
10,84:3d:c6:f5:f1:89:,fabrique2024,-85,1709567555.1718469,LC414,1,4
11,84:3d:c6:f5:f1:8b:,Guest-CentraleSupelec,-85,1709567555.1718469,LC414,1,4
12,84:3d:c6:f5:f1:8c:,CD91,-84,1709567555.1718469,LC414,1,4
13,84:3d:c6:f5:f1:8f:,eduroam,-84,1709567555.1718469,LC414,1,4
14,94:d4:69:f6:e4:e3:,CD91,-82,1709567555.1718469,LC414,1,4
15,94:d4:69:f6:e4:e8:,stop&go,-86,1709567555.1718469,LC414,1,4
16,94:d4:69:f6:e4:e9:,fabrique2024,-87,1709567555.1718469,LC414,1,4
17,94:d4:69:f6:e4:eb:,Guest-CentraleSupelec,-86,1709567555.1718469,LC414,1,4
18,94:d4:69:f6:e4:ec:,CD91,-85,1709567555.1718469,LC414,1,4
19,94:d4:69:f6:e4:ef:,eduroam,-85,1709567555.1718469,LC414,1,4
20,94:d4:69:f9:7d:60:,eduroam,-64,1709567555.1718469,LC414,1,4
21,94:d4:69:f9:7d:63:,CD91,-64,1709567555.1718469,LC414,1,4
22,94:d4:69:f9:7d:64:,Guest-CentraleSupelec,-63,1709567555.1718469,LC414,1,4
23,94:d4:69:f9:7d:66:,fabrique2024,-66,1709567555.1718469,LC414,1,4
24,94:d4:69:f9:7d:67:,stop&go,-67,1709567555.1718469,LC414,1,4
25,94:d4:69:f9:7d:68:,stop&go,-65,1709567555.1718469,LC414,1,4
26,94:d4:69:f9:7d:69:,fabrique2024,-67,1709567555.1718469,LC414,1,4
27,94:d4:69:f9:7d:6b:,Guest-CentraleSupelec,-67,1709567555.1718469,LC414,1,4
28,94:d4:69:f9:7d:6c:,CD91,-67,1709567555.1718469,LC414,1,4
29,94:d4:69:f9:7d:6f:,eduroam,-67,1709567555.1718469,LC414,1,4
30,94:d4:69:fa:94:43:,CD91,-78,1709567555.1718469,LC414,1,4
31,94:d4:69:fa:94:46:,fabrique2024,-75,1709567555.1718469,LC414,1,4
32,94:d4:69:fa:94:47:,stop&go,-81,1709567555.1718469,LC414,1,4
33,94:d4:69:fa:94:48:,stop&go,-82,1709567555.1718469,LC414,1,4
34,94:d4:69:fa:94:49:,fabrique2024,-80,1709567555.1718469,LC414,1,4
35,94:d4:69:fa:94:4b:,Guest-CentraleSupelec,-82,1709567555.1718469,LC414,1,4
36,94:d4:69:fa:94:4c:,CD91,-82,1709567555.1718469,LC414,1,4
37,94:d4:69:fa:94:4f:,eduroam,-80,1709567555.1718469,LC414,1,4
38,94:d4:69:fa:9a:03:,CD91,-78,1709567555.1718469,LC414,1,4
39,94:d4:69:fa:9a:04:,Guest-CentraleSupelec,-77,1709567555.1718469,LC414,1,4
40,94:d4:69:fa:9a:06:,fabrique2024,-76,1709567555.1718469,LC414,1,4
41,94:d4:69:fa:9a:08:,stop&go,-78,1709567555.1718469,LC414,1,4
42,94:d4:69:fd:b1:e0:,eduroam,-60,1709567555.1718469,LC414,1,4
43,94:d4:69:fd:b1:e3:,CD91,-60,1709567555.1718469,LC414,1,4
44,94:d4:69:fd:b1:e4:,Guest-CentraleSupelec,-60,1709567555.1718469,LC414,1,4
45,94:d4:69:fd:b1:e6:,fabrique2024,-61,1709567555.1718469,LC414,1,4
46,94:d4:69:fd:b1:e8:,stop&go,-61,1709567555.1718469,LC414,1,4
47,94:d4:69:fd:b1:e9:,fabrique2024,-61,1709567555.1718469,LC414,1,4
48,94:d4:69:fd:b1:eb:,Guest-CentraleSupelec,-61,1709567555.1718469,LC414,1,4
49,94:d4:69:fd:b1:ec:,CD91,-61,1709567555.1718469,LC414,1,4
50,94:d4:69:fd:b1:ef:,eduroam,-61,1709567555.1718469,LC414,1,4
51,94:d4:69:fd:b2:28:,stop&go,-84,1709567555.1718469,LC414,1,4
52,70:d3:79:2e:8c:80:,eduroam,-73,1709567556.2136087,LC414,1,4
53,70:d3:79:2e:8c:84:,Guest-CentraleSupelec,-73,1709567556.2136087,LC414,1,4
54,70:d3:79:2e:8c:86:,fabrique2024,-74,1709567556.2136087,LC414,1,4
55,70:d3:79:2e:8c:87:,stop&go,-81,1709567556.2136087,LC414,1,4
56,70:d3:79:2e:8c:88:,stop&go,-80,1709567556.2136087,LC414,1,4
57,70:d3:79:2e:8c:89:,fabrique2024,-83,1709567556.2136087,LC414,1,4
58,70:d3:79:2e:8c:8b:,Guest-CentraleSupelec,-81,1709567556.2136087,LC414,1,4
59,70:d3:79:2e:8c:8c:,CD91,-82,1709567556.2136087,LC414,1,4
60,70:d3:79:2e:8c:8f:,eduroam,-81,1709567556.2136087,LC414,1,4
61,84:3d:c6:f5:f1:87:,stop&go,-84,1709567556.2136087,LC414,1,4
62,84:3d:c6:f5:f1:89:,fabrique2024,-85,1709567556.2136087,LC414,1,4
63,84:3d:c6:f5:f1:8b:,Guest-CentraleSupelec,-85,1709567556.2136087,LC414,1,4
64,84:3d:c6:f5:f1:8c:,CD91,-84,1709567556.2136087,LC414,1,4
65,84:3d:c6:f5:f1:8f:,eduroam,-84,1709567556.2136087,LC414,1,4
66,94:d4:69:f6:e4:e3:,CD91,-82,1709567556.2136087,LC414,1,4
67,94:d4:69:f6:e4:e8:,stop&go,-86,1709567556.2136087,LC414,1,4
68,94:d4:69:f6:e4:e9:,fabrique2024,-87,1709567556.2136087,LC414,1,4
69,94:d4:69:f6:e4:eb:,Guest-CentraleSupelec,-86,1709567556.2136087,LC414,1,4
70,94:d4:69:f6:e4:ec:,CD91,-85,1709567556.2136087,LC414,1,4
71,94:d4:69:f6:e4:ef:,eduroam,-85,1709567556.2136087,LC414,1,4
72,94:d4:69:f9:7d:60:,eduroam,-64,1709567556.2136087,LC414,1,4
73,94:d4:69:f9:7d:63:,CD91,-66,1709567556.2136087,LC414,1,4
74,94:d4:69:f9:7d:64:,Guest-CentraleSupelec,-66,1709567556.2136087,LC414,1,4
75,94:d4:69:f9:7d:66:,fabrique2024,-67,1709567556.2136087,LC414,1,4
76,94:d4:69:f9:7d:67:,stop&go,-66,1709567556.2136087,LC414,1,4
77,94:d4:69:f9:7d:68:,stop&go,-66,1709567556.2136087,LC414,1,4
78,94:d4:69:f9:7d:69:,fabrique2024,-67,1709567556.2136087,LC414,1,4
79,94:d4:69:f9:7d:6b:,Guest-CentraleSupelec,-66,1709567556.2136087,LC414,1,4
80,94:d4:69:f9:7d:6c:,CD91,-66,1709567556.2136087,LC414,1,4
81,94:d4:69:f9:7d:6f:,eduroam,-66,1709567556.2136087,LC414,1,4
82,94:d4:69:fa:94:43:,CD91,-78,1709567556.2136087,LC414,1,4
83,94:d4:69:fa:94:46:,fabrique2024,-75,1709567556.2136087,LC414,1,4
84,94:d4:69:fa:94:47:,stop&go,-81,1709567556.2136087,LC414,1,4
85,94:d4:69:fa:94:48:,stop&go,-82,1709567556.2136087,LC414,1,4
86,94:d4:69:fa:94:49:,fabrique2024,-80,1709567556.2136087,LC414,1,4
87,94:d4:69:fa:94:4b:,Guest-CentraleSupelec,-81,1709567556.2136087,LC414,1,4
88,94:d4:69:fa:94:4c:,CD91,-81,1709567556.2136087,LC414,1,4
89,94:d4:69:fa:94:4f:,eduroam,-81,1709567556.2136087,LC414,1,4
90,94:d4:69:fa:9a:03:,CD91,-78,1709567556.2136087,LC414,1,4
91,94:d4:69:fa:9a:04:,Guest-CentraleSupelec,-77,1709567556.2136087,LC414,1,4
92,94:d4:69:fa:9a:06:,fabrique2024,-76,1709567556.2136087,LC414,1,4
93,94:d4:69:fa:9a:08:,stop&go,-78,1709567556.2136087,LC414,1,4
94,94:d4:69:fd:b1:e0:,eduroam,-59,1709567556.2136087,LC414,1,4
95,94:d4:69:fd:b1:e3:,CD91,-59,1709567556.2136087,LC414,1,4
96,94:d4:69:fd:b1:e4:,Guest-CentraleSupelec,-59,1709567556.2136087,LC414,1,4
97,94:d4:69:fd:b1:e6:,fabrique2024,-58,1709567556.2136087,LC414,1,4
98,94:d4:69:fd:b1:e7:,stop&go,-59,1709567556.2136087,LC414,1,4
99,94:d4:69:fd:b1:e8:,stop&go,-61,1709567556.2136087,LC414,1,4
100,94:d4:69:fd:b1:e9:,fabrique2024,-65,1709567556.2136087,LC414,1,4
101,94:d4:69:fd:b1:eb:,Guest-CentraleSupelec,-65,1709567556.2136087,LC414,1,4
102,94:d4:69:fd:b1:ec:,CD91,-65,1709567556.2136087,LC414,1,4
103,94:d4:69:fd:b1:ef:,eduroam,-61,1709567556.2136087,LC414,1,4
104,94:d4:69:fd:b2:28:,stop&go,-84,1709567556.2136087,LC414,1,4
105,70:d3:79:2e:8c:80:,eduroam,-73,1709567557.268815,LC414,1,4
106,70:d3:79:2e:8c:84:,Guest-CentraleSupelec,-73,1709567557.268815,LC414,1,4
107,70:d3:79:2e:8c:86:,fabrique2024,-74,1709567557.268815,LC414,1,4
108,70:d3:79:2e:8c:87:,stop&go,-81,1709567557.268815,LC414,1,4
109,70:d3:79:2e:8c:88:,stop&go,-80,1709567557.268815,LC414,1,4
110,70:d3:79:2e:8c:89:,fabrique2024,-83,1709567557.268815,LC414,1,4
111,70:d3:79:2e:8c:8b:,Guest-CentraleSupelec,-81,1709567557.268815,LC414,1,4
112,70:d3:79:2e:8c:8c:,CD91,-82,1709567557.268815,LC414,1,4
113,70:d3:79:2e:8c:8f:,eduroam,-81,1709567557.268815,LC414,1,4
114,84:3d:c6:f5:f1:87:,stop&go,-84,1709567557.268815,LC414,1,4
115,84:3d:c6:f5:f1:89:,fabrique2024,-85,1709567557.268815,LC414,1,4
116,84:3d:c6:f5:f1:8b:,Guest-CentraleSupelec,-85,1709567557.268815,LC414,1,4
117,84:3d:c6:f5:f1:8c:,CD91,-84,1709567557.268815,LC414,1,4
118,84:3d:c6:f5:f1:8f:,eduroam,-84,1709567557.268815,LC414,1,4
119,94:d4:69:f6:e4:e3:,CD91,-82,1709567557.268815,LC414,1,4
120,94:d4:69:f6:e4:e8:,stop&go,-86,1709567557.268815,LC414,1,4
121,94:d4:69:f6:e4:e9:,fabrique2024,-87,1709567557.268815,LC414,1,4
122,94:d4:69:f6:e4:eb:,Guest-CentraleSupelec,-86,1709567557.268815,LC414,1,4
123,94:d4:69:f6:e4:ec:,CD91,-85,1709567557.268815,LC414,1,4
124,94:d4:69:f6:e4:ef:,eduroam,-85,1709567557.268815,LC414,1,4
125,94:d4:69:f9:7d:60:,eduroam,-64,1709567557.268815,LC414,1,4
126,94:d4:69:f9:7d:63:,CD91,-66,1709567557.268815,LC414,1,4
127,94:d4:69:f9:7d:64:,Guest-CentraleSupelec,-66,1709567557.268815,LC414,1,4
128,94:d4:69:f9:7d:66:,fabrique2024,-67,1709567557.268815,LC414,1,4
129,94:d4:69:f9:7d:67:,stop&go,-66,1709567557.268815,LC414,1,4
130,94:d4:69:f9:7d:68:,stop&go,-66,1709567557.268815,LC414,1,4
131,94:d4:69:f9:7d:69:,fabrique2024,-67,1709567557.268815,LC414,1,4
132,94:d4:69:f9:7d:6b:,Guest-CentraleSupelec,-66,1709567557.268815,LC414,1,4
133,94:d4:69:f9:7d:6c:,CD91,-66,1709567557.268815,LC414,1,4
134,94:d4:69:f9:7d:6f:,eduroam,-66,1709567557.268815,LC414,1,4
135,94:d4:69:fa:94:43:,CD91,-78,1709567557.268815,LC414,1,4
136,94:d4:69:fa:94:46:,fabrique2024,-75,1709567557.268815,LC414,1,4
137,94:d4:69:fa:94:47:,stop&go,-81,1709567557.268815,LC414,1,4
138,94:d4:69:fa:94:48:,stop&go,-82,1709567557.268815,LC414,1,4
139,94:d4:69:fa:94:49:,fabrique2024,-80,1709567557.268815,LC414,1,4
140,94:d4:69:fa:94:4b:,Guest-CentraleSupelec,-81,1709567557.268815,LC414,1,4
141,94:d4:69:fa:94:4c:,CD91,-81,1709567557.268815,LC414,1,4
142,94:d4:69:fa:94:4f:,eduroam,-81,1709567557.268815,LC414,1,4
143,94:d4:69:fa:9a:03:,CD91,-78,1709567557.268815,LC414,1,4
144,94:d4:69:fa:9a:04:,Guest-CentraleSupelec,-77,1709567557.268815,LC414,1,4
145,94:d4:69:fa:9a:06:,fabrique2024,-76,1709567557.268815,LC414,1,4
146,94:d4:69:fa:9a:08:,stop&go,-78,1709567557.268815,LC414,1,4
147,94:d4:69:fd:b1:e0:,eduroam,-59,1709567557.268815,LC414,1,4
148,94:d4:69:fd:b1:e3:,CD91,-59,1709567557.268815,LC414,1,4
149,94:d4:69:fd:b1:e4:,Guest-CentraleSupelec,-59,1709567557.268815,LC414,1,4
150,94:d4:69:fd:b1:e6:,fabrique2024,-58,1709567557.268815,LC414,1,4
151,94:d4:69:fd:b1:e7:,stop&go,-59,1709567557.268815,LC414,1,4
152,94:d4:69:fd:b1:e8:,stop&go,-61,1709567557.268815,LC414,1,4
153,94:d4:69:fd:b1:e9:,fabrique2024,-65,1709567557.268815,LC414,1,4
154,94:d4:69:fd:b1:eb:,Guest-CentraleSupelec,-65,1709567557.268815,LC414,1,4
155,94:d4:69:fd:b1:ec:,CD91,-65,1709567557.268815,LC414,1,4
156,94:d4:69:fd:b1:ef:,eduroam,-61,1709567557.268815,LC414,1,4
157,94:d4:69:fd:b2:28:,stop&go,-84,1709567557.268815,LC414,1,4
158,70:d3:79:2e:8c:80:,eduroam,-73,1709567558.3162537,LC414,1,4
159,70:d3:79:2e:8c:84:,Guest-CentraleSupelec,-73,1709567558.3162537,LC414,1,4
160,70:d3:79:2e:8c:86:,fabrique2024,-74,1709567558.3162537,LC414,1,4
161,70:d3:79:2e:8c:87:,stop&go,-81,1709567558.3162537,LC414,1,4
162,70:d3:79:2e:8c:88:,stop&go,-80,1709567558.3162537,LC414,1,4
163,70:d3:79:2e:8c:89:,fabrique2024,-83,1709567558.3162537,LC414,1,4
164,70:d3:79:2e:8c:8b:,Guest-CentraleSupelec,-81,1709567558.3162537,LC414,1,4
165,70:d3:79:2e:8c:8c:,CD91,-82,1709567558.3162537,LC414,1,4
166,70:d3:79:2e:8c:8f:,eduroam,-81,1709567558.3162537,LC414,1,4
167,84:3d:c6:f5:f1:87:,stop&go,-84,1709567558.3162537,LC414,1,4
168,84:3d:c6:f5:f1:89:,fabrique2024,-85,1709567558.3162537,LC414,1,4
169,84:3d:c6:f5:f1:8b:,Guest-CentraleSupelec,-85,1709567558.3162537,LC414,1,4
170,84:3d:c6:f5:f1:8c:,CD91,-84,1709567558.3162537,LC414,1,4
171,84:3d:c6:f5:f1:8f:,eduroam,-84,1709567558.3162537,LC414,1,4
172,94:d4:69:f6:e4:e3:,CD91,-82,1709567558.3162537,LC414,1,4
173,94:d4:69:f6:e4:e8:,stop&go,-86,1709567558.3162537,LC414,1,4
174,94:d4:69:f6:e4:e9:,fabrique2024,-87,1709567558.3162537,LC414,1,4
175,94:d4:69:f6:e4:eb:,Guest-CentraleSupelec,-86,1709567558.3162537,LC414,1,4
176,94:d4:69:f6:e4:ec:,CD91,-85,1709567558.3162537,LC414,1,4
177,94:d4:69:f6:e4:ef:,eduroam,-85,1709567558.3162537,LC414,1,4
178,94:d4:69:f9:7d:60:,eduroam,-64,1709567558.3162537,LC414,1,4
179,94:d4:69:f9:7d:63:,CD91,-66,1709567558.3162537,LC414,1,4
180,94:d4:69:f9:7d:64:,Guest-CentraleSupelec,-66,1709567558.3162537,LC414,1,4
181,94:d4:69:f9:7d:66:,fabrique2024,-67,1709567558.3162537,LC414,1,4
182,94:d4:69:f9:7d:67:,stop&go,-66,1709567558.3162537,LC414,1,4
183,94:d4:69:f9:7d:68:,stop&go,-66,1709567558.3162537,LC414,1,4
184,94:d4:69:f9:7d:69:,fabrique2024,-67,1709567558.3162537,LC414,1,4
185,94:d4:69:f9:7d:6b:,Guest-CentraleSupelec,-66,1709567558.3162537,LC414,1,4
186,94:d4:69:f9:7d:6c:,CD91,-66,1709567558.3162537,LC414,1,4
187,94:d4:69:f9:7d:6f:,eduroam,-66,1709567558.3162537,LC414,1,4
188,94:d4:69:fa:94:43:,CD91,-78,1709567558.3162537,LC414,1,4
189,94:d4:69:fa:94:46:,fabrique2024,-75,1709567558.3162537,LC414,1,4
190,94:d4:69:fa:94:47:,stop&go,-81,1709567558.3162537,LC414,1,4
191,94:d4:69:fa:94:48:,stop&go,-82,1709567558.3162537,LC414,1,4
192,94:d4:69:fa:94:49:,fabrique2024,-80,1709567558.3162537,LC414,1,4
193,94:d4:69:fa:94:4b:,Guest-CentraleSupelec,-81,1709567558.3162537,LC414,1,4
194,94:d4:69:fa:94:4c:,CD91,-81,1709567558.3162537,LC414,1,4
195,94:d4:69:fa:94:4f:,eduroam,-81,1709567558.3162537,LC414,1,4
196,94:d4:69:fa:9a:03:,CD91,-78,1709567558.3162537,LC414,1,4
197,94:d4:69:fa:9a:04:,Guest-CentraleSupelec,-77,1709567558.3162537,LC414,1,4
198,94:d4:69:fa:9a:06:,fabrique2024,-76,1709567558.3162537,LC414,1,4
199,94:d4:69:fa:9a:08:,stop&go,-78,1709567558.3162537,LC414,1,4
200,94:d4:69:fd:b1:e0:,eduroam,-59,1709567558.3162537,LC414,1,4
201,94:d4:69:fd:b1:e3:,CD91,-59,1709567558.3162537,LC414,1,4
202,94:d4:69:fd:b1:e4:,Guest-CentraleSupelec,-59,1709567558.3162537,LC414,1,4
203,94:d4:69:fd:b1:e6:,fabrique2024,-58,1709567558.3162537,LC414,1,4
204,94:d4:69:fd:b1:e7:,stop&go,-59,1709567558.3162537,LC414,1,4
205,94:d4:69:fd:b1:e8:,stop&go,-61,1709567558.3162537,LC414,1,4
206,94:d4:69:fd:b1:e9:,fabrique2024,-65,1709567558.3162537,LC414,1,4
207,94:d4:69:fd:b1:eb:,Guest-CentraleSupelec,-65,1709567558.3162537,LC414,1,4
208,94:d4:69:fd:b1:ec:,CD91,-65,1709567558.3162537,LC414,1,4
209,94:d4:69:fd:b1:ef:,eduroam,-61,1709567558.3162537,LC414,1,4
210,94:d4:69:fd:b2:28:,stop&go,-84,1709567558.3162537,LC414,1,4
211,70:d3:79:2e:8c:80:,eduroam,-73,1709567559.336624,LC414,1,4
212,70:d3:79:2e:8c:84:,Guest-CentraleSupelec,-73,1709567559.336624,LC414,1,4
213,70:d3:79:2e:8c:86:,fabrique2024,-74,1709567559.336624,LC414,1,4
214,70:d3:79:2e:8c:87:,stop&go,-82,1709567559.336624,LC414,1,4
215,70:d3:79:2e:8c:88:,stop&go,-82,1709567559.336624,LC414,1,4
216,70:d3:79:2e:8c:89:,fabrique2024,-82,1709567559.336624,LC414,1,4
217,70:d3:79:2e:8c:8b:,Guest-CentraleSupelec,-81,1709567559.336624,LC414,1,4
218,70:d3:79:2e:8c:8c:,CD91,-82,1709567559.336624,LC414,1,4
219,70:d3:79:2e:8c:8f:,eduroam,-82,1709567559.336624,LC414,1,4
220,84:3d:c6:f5:f1:87:,stop&go,-84,1709567559.336624,LC414,1,4
221,84:3d:c6:f5:f1:89:,fabrique2024,-85,1709567559.336624,LC414,1,4
222,84:3d:c6:f5:f1:8b:,Guest-CentraleSupelec,-85,1709567559.336624,LC414,1,4
223,84:3d:c6:f5:f1:8c:,CD91,-84,1709567559.336624,LC414,1,4
224,84:3d:c6:f5:f1:8f:,eduroam,-84,1709567559.336624,LC414,1,4
225,94:d4:69:f6:e4:e3:,CD91,-82,1709567559.336624,LC414,1,4
226,94:d4:69:f6:e4:e8:,stop&go,-86,1709567559.336624,LC414,1,4
227,94:d4:69:f6:e4:e9:,fabrique2024,-87,1709567559.336624,LC414,1,4
228,94:d4:69:f6:e4:eb:,Guest-CentraleSupelec,-86,1709567559.336624,LC414,1,4
229,94:d4:69:f6:e4:ec:,CD91,-85,1709567559.336624,LC414,1,4
230,94:d4:69:f6:e4:ef:,eduroam,-85,1709567559.336624,LC414,1,4
231,94:d4:69:f9:7d:60:,eduroam,-67,1709567559.336624,LC414,1,4
232,94:d4:69:f9:7d:63:,CD91,-67,1709567559.336624,LC414,1,4
233,94:d4:69:f9:7d:64:,Guest-CentraleSupelec,-67,1709567559.336624,LC414,1,4
234,94:d4:69:f9:7d:66:,fabrique2024,-67,1709567559.336624,LC414,1,4
235,94:d4:69:f9:7d:67:,stop&go,-64,1709567559.336624,LC414,1,4
236,94:d4:69:f9:7d:68:,stop&go,-66,1709567559.336624,LC414,1,4
237,94:d4:69:f9:7d:69:,fabrique2024,-64,1709567559.336624,LC414,1,4
238,94:d4:69:f9:7d:6b:,Guest-CentraleSupelec,-64,1709567559.336624,LC414,1,4
239,94:d4:69:f9:7d:6c:,CD91,-64,1709567559.336624,LC414,1,4
240,94:d4:69:f9:7d:6f:,eduroam,-64,1709567559.336624,LC414,1,4
241,94:d4:69:fa:94:43:,CD91,-78,1709567559.336624,LC414,1,4
242,94:d4:69:fa:94:46:,fabrique2024,-75,1709567559.336624,LC414,1,4
243,94:d4:69:fa:94:47:,stop&go,-81,1709567559.336624,LC414,1,4
244,94:d4:69:fa:94:48:,stop&go,-82,1709567559.336624,LC414,1,4
245,94:d4:69:fa:94:49:,fabrique2024,-82,1709567559.336624,LC414,1,4
246,94:d4:69:fa:94:4b:,Guest-CentraleSupelec,-81,1709567559.336624,LC414,1,4
247,94:d4:69:fa:94:4c:,CD91,-81,1709567559.336624,LC414,1,4
248,94:d4:69:fa:94:4f:,eduroam,-81,1709567559.336624,LC414,1,4
249,94:d4:69:fa:9a:03:,CD91,-78,1709567559.336624,LC414,1,4
250,94:d4:69:fa:9a:04:,Guest-CentraleSupelec,-77,1709567559.336624,LC414,1,4
251,94:d4:69:fa:9a:06:,fabrique2024,-76,1709567559.336624,LC414,1,4
252,94:d4:69:fa:9a:08:,stop&go,-78,1709567559.336624,LC414,1,4
253,94:d4:69:fd:b1:e0:,eduroam,-61,1709567559.336624,LC414,1,4
254,94:d4:69:fd:b1:e3:,CD91,-59,1709567559.336624,LC414,1,4
255,94:d4:69:fd:b1:e4:,Guest-CentraleSupelec,-61,1709567559.336624,LC414,1,4
256,94:d4:69:fd:b1:e6:,fabrique2024,-61,1709567559.336624,LC414,1,4
257,94:d4:69:fd:b1:e7:,stop&go,-59,1709567559.336624,LC414,1,4
258,94:d4:69:fd:b1:e8:,stop&go,-61,1709567559.336624,LC414,1,4
259,94:d4:69:fd:b1:e9:,fabrique2024,-65,1709567559.336624,LC414,1,4
260,94:d4:69:fd:b1:eb:,Guest-CentraleSupelec,-65,1709567559.336624,LC414,1,4
261,94:d4:69:fd:b1:ec:,CD91,-65,1709567559.336624,LC414,1,4
262,94:d4:69:fd:b1:ef:,eduroam,-63,1709567559.336624,LC414,1,4
263,94:d4:69:fd:b2:28:,stop&go,-84,1709567559.336624,LC414,1,4
264,70:d3:79:2e:8c:80:,eduroam,-73,1709567560.4954627,LC414,1,4
265,70:d3:79:2e:8c:84:,Guest-CentraleSupelec,-73,1709567560.4954627,LC414,1,4
266,70:d3:79:2e:8c:86:,fabrique2024,-74,1709567560.4954627,LC414,1,4
267,70:d3:79:2e:8c:87:,stop&go,-82,1709567560.4954627,LC414,1,4
268,70:d3:79:2e:8c:88:,stop&go,-82,1709567560.4954627,LC414,1,4
269,70:d3:79:2e:8c:89:,fabrique2024,-82,1709567560.4954627,LC414,1,4
270,70:d3:79:2e:8c:8b:,Guest-CentraleSupelec,-81,1709567560.4954627,LC414,1,4
271,70:d3:79:2e:8c:8c:,CD91,-82,1709567560.4954627,LC414,1,4
272,70:d3:79:2e:8c:8f:,eduroam,-82,1709567560.4954627,LC414,1,4
273,84:3d:c6:f5:f1:87:,stop&go,-84,1709567560.4954627,LC414,1,4
274,84:3d:c6:f5:f1:89:,fabrique2024,-85,1709567560.4954627,LC414,1,4
275,84:3d:c6:f5:f1:8b:,Guest-CentraleSupelec,-85,1709567560.4954627,LC414,1,4
276,84:3d:c6:f5:f1:8c:,CD91,-84,1709567560.4954627,LC414,1,4
277,84:3d:c6:f5:f1:8f:,eduroam,-84,1709567560.4954627,LC414,1,4
278,94:d4:69:f6:e4:e3:,CD91,-82,1709567560.4954627,LC414,1,4
279,94:d4:69:f6:e4:e8:,stop&go,-86,1709567560.4954627,LC414,1,4
280,94:d4:69:f6:e4:e9:,fabrique2024,-87,1709567560.4954627,LC414,1,4
281,94:d4:69:f6:e4:eb:,Guest-CentraleSupelec,-86,1709567560.4954627,LC414,1,4
282,94:d4:69:f6:e4:ec:,CD91,-85,1709567560.4954627,LC414,1,4
283,94:d4:69:f6:e4:ef:,eduroam,-85,1709567560.4954627,LC414,1,4
284,94:d4:69:f9:7d:60:,eduroam,-67,1709567560.4954627,LC414,1,4
285,94:d4:69:f9:7d:63:,CD91,-67,1709567560.4954627,LC414,1,4
286,94:d4:69:f9:7d:64:,Guest-CentraleSupelec,-67,1709567560.4954627,LC414,1,4
287,94:d4:69:f9:7d:66:,fabrique2024,-67,1709567560.4954627,LC414,1,4
288,94:d4:69:f9:7d:67:,stop&go,-64,1709567560.4954627,LC414,1,4
289,94:d4:69:f9:7d:68:,stop&go,-66,1709567560.4954627,LC414,1,4
290,94:d4:69:f9:7d:69:,fabrique2024,-64,1709567560.4954627,LC414,1,4
291,94:d4:69:f9:7d:6b:,Guest-CentraleSupelec,-64,1709567560.4954627,LC414,1,4
292,94:d4:69:f9:7d:6c:,CD91,-64,1709567560.4954627,LC414,1,4
293,94:d4:69:f9:7d:6f:,eduroam,-64,1709567560.4954627,LC414,1,4
294,94:d4:69:fa:94:43:,CD91,-78,1709567560.4954627,LC414,1,4
295,94:d4:69:fa:94:46:,fabrique2024,-75,1709567560.4954627,LC414,1,4
296,94:d4:69:fa:94:47:,stop&go,-81,1709567560.4954627,LC414,1,4
297,94:d4:69:fa:94:48:,stop&go,-82,1709567560.4954627,LC414,1,4
298,94:d4:69:fa:94:49:,fabrique2024,-82,1709567560.4954627,LC414,1,4
299,94:d4:69:fa:94:4b:,Guest-CentraleSupelec,-81,1709567560.4954627,LC414,1,4
300,94:d4:69:fa:94:4c:,CD91,-81,1709567560.4954627,LC414,1,4
301,94:d4:69:fa:94:4f:,eduroam,-81,1709567560.4954627,LC414,1,4
302,94:d4:69:fa:9a:03:,CD91,-78,1709567560.4954627,LC414,1,4
303,94:d4:69:fa:9a:04:,Guest-CentraleSupelec,-77,1709567560.4954627,LC414,1,4
304,94:d4:69:fa:9a:06:,fabrique2024,-76,1709567560.4954627,LC414,1,4
305,94:d4:69:fa:9a:08:,stop&go,-78,1709567560.4954627,LC414,1,4
306,94:d4:69:fd:b1:e0:,eduroam,-61,1709567560.4954627,LC414,1,4
307,94:d4:69:fd:b1:e3:,CD91,-59,1709567560.4954627,LC414,1,4
308,94:d4:69:fd:b1:e4:,Guest-CentraleSupelec,-61,1709567560.4954627,LC414,1,4
309,94:d4:69:fd:b1:e6:,fabrique2024,-61,1709567560.4954627,LC414,1,4
310,94:d4:69:fd:b1:e7:,stop&go,-59,1709567560.4954627,LC414,1,4
311,94:d4:69:fd:b1:e8:,stop&go,-61,1709567560.4954627,LC414,1,4
312,94:d4:69:fd:b1:e9:,fabrique2024,-65,1709567560.4954627,LC414,1,4
313,94:d4:69:fd:b1:eb:,Guest-CentraleSupelec,-65,1709567560.4954627,LC414,1,4
314,94:d4:69:fd:b1:ec:,CD91,-65,1709567560.4954627,LC414,1,4
315,94:d4:69:fd:b1:ef:,eduroam,-63,1709567560.4954627,LC414,1,4
316,94:d4:69:fd:b2:28:,stop&go,-84,1709567560.4954627,LC414,1,4
317,70:d3:79:2e:8c:80:,eduroam,-73,1709567561.583362,LC414,1,4
318,70:d3:79:2e:8c:84:,Guest-CentraleSupelec,-73,1709567561.583362,LC414,1,4
319,70:d3:79:2e:8c:86:,fabrique2024,-74,1709567561.583362,LC414,1,4
320,70:d3:79:2e:8c:87:,stop&go,-82,1709567561.583362,LC414,1,4
321,70:d3:79:2e:8c:88:,stop&go,-82,1709567561.583362,LC414,1,4
322,70:d3:79:2e:8c:89:,fabrique2024,-82,1709567561.583362,LC414,1,4
323,70:d3:79:2e:8c:8b:,Guest-CentraleSupelec,-81,1709567561.583362,LC414,1,4
324,70:d3:79:2e:8c:8c:,CD91,-82,1709567561.583362,LC414,1,4
325,70:d3:79:2e:8c:8f:,eduroam,-82,1709567561.583362,LC414,1,4
326,84:3d:c6:f5:f1:87:,stop&go,-84,1709567561.583362,LC414,1,4
327,84:3d:c6:f5:f1:89:,fabrique2024,-85,1709567561.583362,LC414,1,4
328,84:3d:c6:f5:f1:8b:,Guest-CentraleSupelec,-85,1709567561.583362,LC414,1,4
329,84:3d:c6:f5:f1:8c:,CD91,-84,1709567561.583362,LC414,1,4
330,84:3d:c6:f5:f1:8f:,eduroam,-84,1709567561.583362,LC414,1,4
331,94:d4:69:f6:e4:e3:,CD91,-82,1709567561.583362,LC414,1,4
332,94:d4:69:f6:e4:e8:,stop&go,-86,1709567561.583362,LC414,1,4
333,94:d4:69:f6:e4:e9:,fabrique2024,-87,1709567561.583362,LC414,1,4
334,94:d4:69:f6:e4:eb:,Guest-CentraleSupelec,-86,1709567561.583362,LC414,1,4
335,94:d4:69:f6:e4:ec:,CD91,-85,1709567561.583362,LC414,1,4
336,94:d4:69:f6:e4:ef:,eduroam,-85,1709567561.583362,LC414,1,4
337,94:d4:69:f9:7d:60:,eduroam,-67,1709567561.583362,LC414,1,4
338,94:d4:69:f9:7d:63:,CD91,-67,1709567561.583362,LC414,1,4
339,94:d4:69:f9:7d:64:,Guest-CentraleSupelec,-67,1709567561.583362,LC414,1,4
340,94:d4:69:f9:7d:66:,fabrique2024,-67,1709567561.583362,LC414,1,4
341,94:d4:69:f9:7d:67:,stop&go,-64,1709567561.583362,LC414,1,4
342,94:d4:69:f9:7d:68:,stop&go,-66,1709567561.583362,LC414,1,4
343,94:d4:69:f9:7d:69:,fabrique2024,-64,1709567561.583362,LC414,1,4
344,94:d4:69:f9:7d:6b:,Guest-CentraleSupelec,-64,1709567561.583362,LC414,1,4
345,94:d4:69:f9:7d:6c:,CD91,-64,1709567561.583362,LC414,1,4
346,94:d4:69:f9:7d:6f:,eduroam,-64,1709567561.583362,LC414,1,4
347,94:d4:69:fa:94:43:,CD91,-78,1709567561.583362,LC414,1,4
348,94:d4:69:fa:94:46:,fabrique2024,-75,1709567561.583362,LC414,1,4
349,94:d4:69:fa:94:47:,stop&go,-81,1709567561.583362,LC414,1,4
350,94:d4:69:fa:94:48:,stop&go,-82,1709567561.583362,LC414,1,4
351,94:d4:69:fa:94:49:,fabrique2024,-82,1709567561.583362,LC414,1,4
352,94:d4:69:fa:94:4b:,Guest-CentraleSupelec,-81,1709567561.583362,LC414,1,4
353,94:d4:69:fa:94:4c:,CD91,-81,1709567561.583362,LC414,1,4
354,94:d4:69:fa:94:4f:,eduroam,-81,1709567561.583362,LC414,1,4
355,94:d4:69:fa:9a:03:,CD91,-78,1709567561.583362,LC414,1,4
356,94:d4:69:fa:9a:04:,Guest-CentraleSupelec,-77,1709567561.583362,LC414,1,4
357,94:d4:69:fa:9a:06:,fabrique2024,-76,1709567561.583362,LC414,1,4
358,94:d4:69:fa:9a:08:,stop&go,-78,1709567561.583362,LC414,1,4
359,94:d4:69:fd:b1:e0:,eduroam,-61,1709567561.583362,LC414,1,4
360,94:d4:69:fd:b1:e3:,CD91,-59,1709567561.583362,LC414,1,4
361,94:d4:69:fd:b1:e4:,Guest-CentraleSupelec,-61,1709567561.583362,LC414,1,4
362,94:d4:69:fd:b1:e6:,fabrique2024,-61,1709567561.583362,LC414,1,4
363,94:d4:69:fd:b1:e7:,stop&go,-59,1709567561.583362,LC414,1,4
364,94:d4:69:fd:b1:e8:,stop&go,-61,1709567561.583362,LC414,1,4
365,94:d4:69:fd:b1:e9:,fabrique2024,-65,1709567561.583362,LC414,1,4
366,94:d4:69:fd:b1:eb:,Guest-CentraleSupelec,-65,1709567561.583362,LC414,1,4
367,94:d4:69:fd:b1:ec:,CD91,-65,1709567561.583362,LC414,1,4
368,94:d4:69:fd:b1:ef:,eduroam,-63,1709567561.583362,LC414,1,4
369,94:d4:69:fd:b2:28:,stop&go,-84,1709567561.583362,LC414,1,4
370,70:d3:79:2e:8c:80:,eduroam,-73,1709567562.5846934,LC414,1,4
371,70:d3:79:2e:8c:84:,Guest-CentraleSupelec,-73,1709567562.5846934,LC414,1,4
372,70:d3:79:2e:8c:86:,fabrique2024,-74,1709567562.5846934,LC414,1,4
373,70:d3:79:2e:8c:87:,stop&go,-82,1709567562.5846934,LC414,1,4
374,70:d3:79:2e:8c:88:,stop&go,-82,1709567562.5846934,LC414,1,4
375,70:d3:79:2e:8c:89:,fabrique2024,-82,1709567562.5846934,LC414,1,4
376,70:d3:79:2e:8c:8b:,Guest-CentraleSupelec,-81,1709567562.5846934,LC414,1,4
377,70:d3:79:2e:8c:8c:,CD91,-82,1709567562.5846934,LC414,1,4
378,70:d3:79:2e:8c:8f:,eduroam,-82,1709567562.5846934,LC414,1,4
379,84:3d:c6:f5:f1:87:,stop&go,-84,1709567562.5846934,LC414,1,4
380,84:3d:c6:f5:f1:89:,fabrique2024,-85,1709567562.5846934,LC414,1,4
381,84:3d:c6:f5:f1:8b:,Guest-CentraleSupelec,-85,1709567562.5846934,LC414,1,4
382,84:3d:c6:f5:f1:8c:,CD91,-84,1709567562.5846934,LC414,1,4
383,84:3d:c6:f5:f1:8f:,eduroam,-84,1709567562.5846934,LC414,1,4
384,94:d4:69:f6:e4:e3:,CD91,-82,1709567562.5846934,LC414,1,4
385,94:d4:69:f6:e4:e8:,stop&go,-86,1709567562.5846934,LC414,1,4
386,94:d4:69:f6:e4:e9:,fabrique2024,-87,1709567562.5846934,LC414,1,4
387,94:d4:69:f6:e4:eb:,Guest-CentraleSupelec,-86,1709567562.5846934,LC414,1,4
388,94:d4:69:f6:e4:ec:,CD91,-85,1709567562.5846934,LC414,1,4
389,94:d4:69:f6:e4:ef:,eduroam,-85,1709567562.5846934,LC414,1,4
390,94:d4:69:f9:7d:60:,eduroam,-67,1709567562.5846934,LC414,1,4
391,94:d4:69:f9:7d:63:,CD91,-67,1709567562.5846934,LC414,1,4
392,94:d4:69:f9:7d:64:,Guest-CentraleSupelec,-67,1709567562.5846934,LC414,1,4
393,94:d4:69:f9:7d:66:,fabrique2024,-67,1709567562.5846934,LC414,1,4
394,94:d4:69:f9:7d:67:,stop&go,-64,1709567562.5846934,LC414,1,4
395,94:d4:69:f9:7d:68:,stop&go,-66,1709567562.5846934,LC414,1,4
396,94:d4:69:f9:7d:69:,fabrique2024,-64,1709567562.5846934,LC414,1,4
397,94:d4:69:f9:7d:6b:,Guest-CentraleSupelec,-64,1709567562.5846934,LC414,1,4
398,94:d4:69:f9:7d:6c:,CD91,-64,1709567562.5846934,LC414,1,4
399,94:d4:69:f9:7d:6f:,eduroam,-64,1709567562.5846934,LC414,1,4
400,94:d4:69:fa:94:43:,CD91,-78,1709567562.5846934,LC414,1,4
401,94:d4:69:fa:94:46:,fabrique2024,-75,1709567562.5846934,LC414,1,4
402,94:d4:69:fa:94:47:,stop&go,-81,1709567562.5846934,LC414,1,4
403,94:d4:69:fa:94:48:,stop&go,-82,1709567562.5846934,LC414,1,4
404,94:d4:69:fa:94:49:,fabrique2024,-82,1709567562.5846934,LC414,1,4
405,94:d4:69:fa:94:4b:,Guest-CentraleSupelec,-81,1709567562.5846934,LC414,1,4
406,94:d4:69:fa:94:4c:,CD91,-81,1709567562.5846934,LC414,1,4
407,94:d4:69:fa:94:4f:,eduroam,-81,1709567562.5846934,LC414,1,4
408,94:d4:69:fa:9a:03:,CD91,-78,1709567562.5846934,LC414,1,4
409,94:d4:69:fa:9a:04:,Guest-CentraleSupelec,-77,1709567562.5846934,LC414,1,4
410,94:d4:69:fa:9a:06:,fabrique2024,-76,1709567562.5846934,LC414,1,4
411,94:d4:69:fa:9a:08:,stop&go,-78,1709567562.5846934,LC414,1,4
412,94:d4:69:fd:b1:e0:,eduroam,-61,1709567562.5846934,LC414,1,4
413,94:d4:69:fd:b1:e3:,CD91,-59,1709567562.5846934,LC414,1,4
414,94:d4:69:fd:b1:e4:,Guest-CentraleSupelec,-61,1709567562.5846934,LC414,1,4
415,94:d4:69:fd:b1:e6:,fabrique2024,-61,1709567562.5846934,LC414,1,4
416,94:d4:69:fd:b1:e7:,stop&go,-59,1709567562.5846934,LC414,1,4
417,94:d4:69:fd:b1:e8:,stop&go,-61,1709567562.5846934,LC414,1,4
418,94:d4:69:fd:b1:e9:,fabrique2024,-65,1709567562.5846934,LC414,1,4
419,94:d4:69:fd:b1:eb:,Guest-CentraleSupelec,-65,1709567562.5846934,LC414,1,4
420,94:d4:69:fd:b1:ec:,CD91,-65,1709567562.5846934,LC414,1,4
421,94:d4:69:fd:b1:ef:,eduroam,-63,1709567562.5846934,LC414,1,4
422,94:d4:69:fd:b2:28:,stop&go,-84,1709567562.5846934,LC414,1,4
423,70:d3:79:2e:8c:80:,eduroam,-70,1709567563.7081106,LC414,1,4
424,70:d3:79:2e:8c:83:,CD91,-70,1709567563.7081106,LC414,1,4
425,70:d3:79:2e:8c:84:,Guest-CentraleSupelec,-73,1709567563.7081106,LC414,1,4
426,70:d3:79:2e:8c:86:,fabrique2024,-70,1709567563.7081106,LC414,1,4
427,70:d3:79:2e:8c:87:,stop&go,-82,1709567563.7081106,LC414,1,4
428,70:d3:79:2e:8c:88:,stop&go,-82,1709567563.7081106,LC414,1,4
429,70:d3:79:2e:8c:89:,fabrique2024,-81,1709567563.7081106,LC414,1,4
430,70:d3:79:2e:8c:8b:,Guest-CentraleSupelec,-80,1709567563.7081106,LC414,1,4
431,70:d3:79:2e:8c:8c:,CD91,-81,1709567563.7081106,LC414,1,4
432,70:d3:79:2e:8c:8f:,eduroam,-80,1709567563.7081106,LC414,1,4
433,84:3d:c6:f5:f1:87:,stop&go,-84,1709567563.7081106,LC414,1,4
434,84:3d:c6:f5:f1:89:,fabrique2024,-85,1709567563.7081106,LC414,1,4
435,84:3d:c6:f5:f1:8b:,Guest-CentraleSupelec,-85,1709567563.7081106,LC414,1,4
436,84:3d:c6:f5:f1:8c:,CD91,-84,1709567563.7081106,LC414,1,4
437,84:3d:c6:f5:f1:8f:,eduroam,-84,1709567563.7081106,LC414,1,4
438,94:d4:69:f6:e4:e3:,CD91,-82,1709567563.7081106,LC414,1,4
439,94:d4:69:f6:e4:e8:,stop&go,-86,1709567563.7081106,LC414,1,4
440,94:d4:69:f6:e4:e9:,fabrique2024,-87,1709567563.7081106,LC414,1,4
441,94:d4:69:f6:e4:eb:,Guest-CentraleSupelec,-86,1709567563.7081106,LC414,1,4
442,94:d4:69:f6:e4:ec:,CD91,-85,1709567563.7081106,LC414,1,4
443,94:d4:69:f6:e4:ef:,eduroam,-85,1709567563.7081106,LC414,1,4
444,94:d4:69:f9:7d:60:,eduroam,-65,1709567563.7081106,LC414,1,4
445,94:d4:69:f9:7d:63:,CD91,-65,1709567563.7081106,LC414,1,4
446,94:d4:69:f9:7d:64:,Guest-CentraleSupelec,-65,1709567563.7081106,LC414,1,4
447,94:d4:69:f9:7d:66:,fabrique2024,-65,1709567563.7081106,LC414,1,4
448,94:d4:69:f9:7d:67:,stop&go,-65,1709567563.7081106,LC414,1,4
449,94:d4:69:f9:7d:68:,stop&go,-65,1709567563.7081106,LC414,1,4
450,94:d4:69:f9:7d:69:,fabrique2024,-65,1709567563.7081106,LC414,1,4
451,94:d4:69:f9:7d:6b:,Guest-CentraleSupelec,-65,1709567563.7081106,LC414,1,4
452,94:d4:69:f9:7d:6c:,CD91,-65,1709567563.7081106,LC414,1,4
453,94:d4:69:f9:7d:6f:,eduroam,-65,1709567563.7081106,LC414,1,4
454,94:d4:69:fa:94:43:,CD91,-78,1709567563.7081106,LC414,1,4
455,94:d4:69:fa:94:46:,fabrique2024,-74,1709567563.7081106,LC414,1,4
456,94:d4:69:fa:94:47:,stop&go,-81,1709567563.7081106,LC414,1,4
457,94:d4:69:fa:94:48:,stop&go,-82,1709567563.7081106,LC414,1,4
458,94:d4:69:fa:94:49:,fabrique2024,-82,1709567563.7081106,LC414,1,4
459,94:d4:69:fa:94:4b:,Guest-CentraleSupelec,-81,1709567563.7081106,LC414,1,4
460,94:d4:69:fa:94:4c:,CD91,-81,1709567563.7081106,LC414,1,4
461,94:d4:69:fa:94:4f:,eduroam,-81,1709567563.7081106,LC414,1,4
462,94:d4:69:fa:9a:03:,CD91,-78,1709567563.7081106,LC414,1,4
463,94:d4:69:fa:9a:04:,Guest-CentraleSupelec,-77,1709567563.7081106,LC414,1,4
464,94:d4:69:fa:9a:06:,fabrique2024,-76,1709567563.7081106,LC414,1,4
465,94:d4:69:fa:9a:08:,stop&go,-78,1709567563.7081106,LC414,1,4
466,94:d4:69:fd:b1:e0:,eduroam,-54,1709567563.7081106,LC414,1,4
467,94:d4:69:fd:b1:e3:,CD91,-54,1709567563.7081106,LC414,1,4
468,94:d4:69:fd:b1:e4:,Guest-CentraleSupelec,-54,1709567563.7081106,LC414,1,4
469,94:d4:69:fd:b1:e6:,fabrique2024,-54,1709567563.7081106,LC414,1,4
470,94:d4:69:fd:b1:e7:,stop&go,-54,1709567563.7081106,LC414,1,4
471,94:d4:69:fd:b1:e8:,stop&go,-62,1709567563.7081106,LC414,1,4
472,94:d4:69:fd:b1:e9:,fabrique2024,-62,1709567563.7081106,LC414,1,4
473,94:d4:69:fd:b1:eb:,Guest-CentraleSupelec,-62,1709567563.7081106,LC414,1,4
474,94:d4:69:fd:b1:ec:,CD91,-62,1709567563.7081106,LC414,1,4
475,94:d4:69:fd:b1:ef:,eduroam,-61,1709567563.7081106,LC414,1,4
476,94:d4:69:fd:b2:23:,CD91,-81,1709567563.7081106,LC414,1,4
477,94:d4:69:fd:b2:28:,stop&go,-84,1709567563.7081106,LC414,1,4
478,70:d3:79:2e:8c:80:,eduroam,-70,1709567564.872204,LC414,1,4
479,70:d3:79:2e:8c:83:,CD91,-70,1709567564.872204,LC414,1,4
480,70:d3:79:2e:8c:84:,Guest-CentraleSupelec,-73,1709567564.872204,LC414,1,4
481,70:d3:79:2e:8c:86:,fabrique2024,-70,1709567564.872204,LC414,1,4
482,70:d3:79:2e:8c:87:,stop&go,-82,1709567564.872204,LC414,1,4
483,70:d3:79:2e:8c:88:,stop&go,-82,1709567564.872204,LC414,1,4
484,70:d3:79:2e:8c:89:,fabrique2024,-81,1709567564.872204,LC414,1,4
485,70:d3:79:2e:8c:8b:,Guest-CentraleSupelec,-80,1709567564.872204,LC414,1,4
486,70:d3:79:2e:8c:8c:,CD91,-81,1709567564.872204,LC414,1,4
487,70:d3:79:2e:8c:8f:,eduroam,-80,1709567564.872204,LC414,1,4
488,84:3d:c6:f5:f1:87:,stop&go,-84,1709567564.872204,LC414,1,4
489,84:3d:c6:f5:f1:89:,fabrique2024,-85,1709567564.872204,LC414,1,4
490,84:3d:c6:f5:f1:8b:,Guest-CentraleSupelec,-85,1709567564.872204,LC414,1,4
491,84:3d:c6:f5:f1:8c:,CD91,-84,1709567564.872204,LC414,1,4
492,84:3d:c6:f5:f1:8f:,eduroam,-84,1709567564.872204,LC414,1,4
493,94:d4:69:f6:e4:e3:,CD91,-82,1709567564.872204,LC414,1,4
494,94:d4:69:f6:e4:e8:,stop&go,-86,1709567564.872204,LC414,1,4
495,94:d4:69:f6:e4:e9:,fabrique2024,-87,1709567564.872204,LC414,1,4
496,94:d4:69:f6:e4:eb:,Guest-CentraleSupelec,-86,1709567564.872204,LC414,1,4
497,94:d4:69:f6:e4:ec:,CD91,-85,1709567564.872204,LC414,1,4
498,94:d4:69:f6:e4:ef:,eduroam,-85,1709567564.872204,LC414,1,4
499,94:d4:69:f9:7d:60:,eduroam,-65,1709567564.872204,LC414,1,4
500,94:d4:69:f9:7d:63:,CD91,-65,1709567564.872204,LC414,1,4
501,94:d4:69:f9:7d:64:,Guest-CentraleSupelec,-65,1709567564.872204,LC414,1,4
502,94:d4:69:f9:7d:66:,fabrique2024,-65,1709567564.872204,LC414,1,4
503,94:d4:69:f9:7d:67:,stop&go,-65,1709567564.872204,LC414,1,4
504,94:d4:69:f9:7d:68:,stop&go,-65,1709567564.872204,LC414,1,4
505,94:d4:69:f9:7d:69:,fabrique2024,-65,1709567564.872204,LC414,1,4
506,94:d4:69:f9:7d:6b:,Guest-CentraleSupelec,-65,1709567564.872204,LC414,1,4
507,94:d4:69:f9:7d:6c:,CD91,-65,1709567564.872204,LC414,1,4
508,94:d4:69:f9:7d:6f:,eduroam,-65,1709567564.872204,LC414,1,4
509,94:d4:69:fa:94:43:,CD91,-78,1709567564.872204,LC414,1,4
510,94:d4:69:fa:94:46:,fabrique2024,-74,1709567564.872204,LC414,1,4
511,94:d4:69:fa:94:47:,stop&go,-81,1709567564.872204,LC414,1,4
512,94:d4:69:fa:94:48:,stop&go,-82,1709567564.872204,LC414,1,4
513,94:d4:69:fa:94:49:,fabrique2024,-82,1709567564.872204,LC414,1,4
514,94:d4:69:fa:94:4b:,Guest-CentraleSupelec,-81,1709567564.872204,LC414,1,4
515,94:d4:69:fa:94:4c:,CD91,-81,1709567564.872204,LC414,1,4
516,94:d4:69:fa:94:4f:,eduroam,-81,1709567564.872204,LC414,1,4
517,94:d4:69:fa:9a:03:,CD91,-78,1709567564.872204,LC414,1,4
518,94:d4:69:fa:9a:04:,Guest-CentraleSupelec,-77,1709567564.872204,LC414,1,4
519,94:d4:69:fa:9a:06:,fabrique2024,-76,1709567564.872204,LC414,1,4
520,94:d4:69:fa:9a:08:,stop&go,-78,1709567564.872204,LC414,1,4
521,94:d4:69:fd:b1:e0:,eduroam,-54,1709567564.872204,LC414,1,4
522,94:d4:69:fd:b1:e3:,CD91,-54,1709567564.872204,LC414,1,4
523,94:d4:69:fd:b1:e4:,Guest-CentraleSupelec,-54,1709567564.872204,LC414,1,4
524,94:d4:69:fd:b1:e6:,fabrique2024,-54,1709567564.872204,LC414,1,4
525,94:d4:69:fd:b1:e7:,stop&go,-54,1709567564.872204,LC414,1,4
526,94:d4:69:fd:b1:e8:,stop&go,-62,1709567564.872204,LC414,1,4
527,94:d4:69:fd:b1:e9:,fabrique2024,-62,1709567564.872204,LC414,1,4
528,94:d4:69:fd:b1:eb:,Guest-CentraleSupelec,-62,1709567564.872204,LC414,1,4
529,94:d4:69:fd:b1:ec:,CD91,-62,1709567564.872204,LC414,1,4
530,94:d4:69:fd:b1:ef:,eduroam,-61,1709567564.872204,LC414,1,4
531,94:d4:69:fd:b2:23:,CD91,-81,1709567564.872204,LC414,1,4
532,94:d4:69:fd:b2:28:,stop&go,-84,1709567564.872204,LC414,1,4
533,70:d3:79:2e:8c:80:,eduroam,-70,1709567565.8888059,LC414,1,4
534,70:d3:79:2e:8c:83:,CD91,-70,1709567565.8888059,LC414,1,4
535,70:d3:79:2e:8c:84:,Guest-CentraleSupelec,-73,1709567565.8888059,LC414,1,4
536,70:d3:79:2e:8c:86:,fabrique2024,-70,1709567565.8888059,LC414,1,4
537,70:d3:79:2e:8c:87:,stop&go,-82,1709567565.8888059,LC414,1,4
538,70:d3:79:2e:8c:88:,stop&go,-82,1709567565.8888059,LC414,1,4
539,70:d3:79:2e:8c:89:,fabrique2024,-82,1709567565.8888059,LC414,1,4
540,70:d3:79:2e:8c:8b:,Guest-CentraleSupelec,-82,1709567565.8888059,LC414,1,4
541,70:d3:79:2e:8c:8c:,CD91,-82,1709567565.8888059,LC414,1,4
542,70:d3:79:2e:8c:8f:,eduroam,-82,1709567565.8888059,LC414,1,4
543,84:3d:c6:f5:f1:87:,stop&go,-84,1709567565.8888059,LC414,1,4
544,84:3d:c6:f5:f1:89:,fabrique2024,-85,1709567565.8888059,LC414,1,4
545,84:3d:c6:f5:f1:8b:,Guest-CentraleSupelec,-85,1709567565.8888059,LC414,1,4
546,84:3d:c6:f5:f1:8c:,CD91,-84,1709567565.8888059,LC414,1,4
547,84:3d:c6:f5:f1:8f:,eduroam,-84,1709567565.8888059,LC414,1,4
548,94:d4:69:f6:e4:e0:,eduroam,-81,1709567565.8888059,LC414,1,4
549,94:d4:69:f6:e4:e3:,CD91,-81,1709567565.8888059,LC414,1,4
550,94:d4:69:f6:e4:e4:,Guest-CentraleSupelec,-82,1709567565.8888059,LC414,1,4
551,94:d4:69:f6:e4:e6:,fabrique2024,-81,1709567565.8888059,LC414,1,4
552,94:d4:69:f6:e4:e8:,stop&go,-86,1709567565.8888059,LC414,1,4
553,94:d4:69:f6:e4:e9:,fabrique2024,-87,1709567565.8888059,LC414,1,4
554,94:d4:69:f6:e4:eb:,Guest-CentraleSupelec,-86,1709567565.8888059,LC414,1,4
555,94:d4:69:f6:e4:ec:,CD91,-85,1709567565.8888059,LC414,1,4
556,94:d4:69:f6:e4:ef:,eduroam,-85,1709567565.8888059,LC414,1,4
557,94:d4:69:f9:7d:60:,eduroam,-67,1709567565.8888059,LC414,1,4
558,94:d4:69:f9:7d:63:,CD91,-68,1709567565.8888059,LC414,1,4
559,94:d4:69:f9:7d:64:,Guest-CentraleSupelec,-67,1709567565.8888059,LC414,1,4
560,94:d4:69:f9:7d:66:,fabrique2024,-67,1709567565.8888059,LC414,1,4
561,94:d4:69:f9:7d:67:,stop&go,-64,1709567565.8888059,LC414,1,4
562,94:d4:69:f9:7d:68:,stop&go,-68,1709567565.8888059,LC414,1,4
563,94:d4:69:f9:7d:69:,fabrique2024,-64,1709567565.8888059,LC414,1,4
564,94:d4:69:f9:7d:6b:,Guest-CentraleSupelec,-64,1709567565.8888059,LC414,1,4
565,94:d4:69:f9:7d:6c:,CD91,-64,1709567565.8888059,LC414,1,4
566,94:d4:69:f9:7d:6f:,eduroam,-64,1709567565.8888059,LC414,1,4
567,94:d4:69:fa:94:43:,CD91,-78,1709567565.8888059,LC414,1,4
568,94:d4:69:fa:94:46:,fabrique2024,-74,1709567565.8888059,LC414,1,4
569,94:d4:69:fa:94:47:,stop&go,-81,1709567565.8888059,LC414,1,4
570,94:d4:69:fa:94:48:,stop&go,-82,1709567565.8888059,LC414,1,4
571,94:d4:69:fa:94:49:,fabrique2024,-81,1709567565.8888059,LC414,1,4
572,94:d4:69:fa:94:4b:,Guest-CentraleSupelec,-81,1709567565.8888059,LC414,1,4
573,94:d4:69:fa:94:4c:,CD91,-81,1709567565.8888059,LC414,1,4
574,94:d4:69:fa:94:4f:,eduroam,-81,1709567565.8888059,LC414,1,4
575,94:d4:69:fa:9a:03:,CD91,-78,1709567565.8888059,LC414,1,4
576,94:d4:69:fa:9a:04:,Guest-CentraleSupelec,-77,1709567565.8888059,LC414,1,4
577,94:d4:69:fa:9a:06:,fabrique2024,-76,1709567565.8888059,LC414,1,4
578,94:d4:69:fa:9a:08:,stop&go,-78,1709567565.8888059,LC414,1,4
579,94:d4:69:fd:b1:e0:,eduroam,-55,1709567565.8888059,LC414,1,4
580,94:d4:69:fd:b1:e3:,CD91,-55,1709567565.8888059,LC414,1,4
581,94:d4:69:fd:b1:e4:,Guest-CentraleSupelec,-55,1709567565.8888059,LC414,1,4
582,94:d4:69:fd:b1:e6:,fabrique2024,-56,1709567565.8888059,LC414,1,4
583,94:d4:69:fd:b1:e7:,stop&go,-56,1709567565.8888059,LC414,1,4
584,94:d4:69:fd:b1:e9:,fabrique2024,-63,1709567565.8888059,LC414,1,4
585,94:d4:69:fd:b1:eb:,Guest-CentraleSupelec,-63,1709567565.8888059,LC414,1,4
586,94:d4:69:fd:b1:ec:,CD91,-63,1709567565.8888059,LC414,1,4
587,94:d4:69:fd:b1:ef:,eduroam,-61,1709567565.8888059,LC414,1,4
588,94:d4:69:fd:b2:23:,CD91,-81,1709567565.8888059,LC414,1,4
589,94:d4:69:fd:b2:28:,stop&go,-84,1709567565.8888059,LC414,1,4
590,70:d3:79:2e:8c:80:,eduroam,-70,1709567567.0213213,LC414,1,4
591,70:d3:79:2e:8c:83:,CD91,-70,1709567567.0213213,LC414,1,4
592,70:d3:79:2e:8c:84:,Guest-CentraleSupelec,-73,1709567567.0213213,LC414,1,4
593,70:d3:79:2e:8c:86:,fabrique2024,-70,1709567567.0213213,LC414,1,4
594,70:d3:79:2e:8c:87:,stop&go,-82,1709567567.0213213,LC414,1,4
595,70:d3:79:2e:8c:88:,stop&go,-82,1709567567.0213213,LC414,1,4
596,70:d3:79:2e:8c:89:,fabrique2024,-82,1709567567.0213213,LC414,1,4
597,70:d3:79:2e:8c:8b:,Guest-CentraleSupelec,-82,1709567567.0213213,LC414,1,4
598,70:d3:79:2e:8c:8c:,CD91,-82,1709567567.0213213,LC414,1,4
599,70:d3:79:2e:8c:8f:,eduroam,-82,1709567567.0213213,LC414,1,4
600,84:3d:c6:f5:f1:87:,stop&go,-84,1709567567.0213213,LC414,1,4
601,84:3d:c6:f5:f1:89:,fabrique2024,-85,1709567567.0213213,LC414,1,4
602,84:3d:c6:f5:f1:8b:,Guest-CentraleSupelec,-85,1709567567.0213213,LC414,1,4
603,84:3d:c6:f5:f1:8c:,CD91,-84,1709567567.0213213,LC414,1,4
604,84:3d:c6:f5:f1:8f:,eduroam,-84,1709567567.0213213,LC414,1,4
605,94:d4:69:f6:e4:e0:,eduroam,-81,1709567567.0213213,LC414,1,4
606,94:d4:69:f6:e4:e3:,CD91,-81,1709567567.0213213,LC414,1,4
607,94:d4:69:f6:e4:e4:,Guest-CentraleSupelec,-82,1709567567.0213213,LC414,1,4
608,94:d4:69:f6:e4:e6:,fabrique2024,-81,1709567567.0213213,LC414,1,4
609,94:d4:69:f6:e4:e8:,stop&go,-86,1709567567.0213213,LC414,1,4
610,94:d4:69:f6:e4:e9:,fabrique2024,-87,1709567567.0213213,LC414,1,4
611,94:d4:69:f6:e4:eb:,Guest-CentraleSupelec,-86,1709567567.0213213,LC414,1,4
612,94:d4:69:f6:e4:ec:,CD91,-85,1709567567.0213213,LC414,1,4
613,94:d4:69:f6:e4:ef:,eduroam,-85,1709567567.0213213,LC414,1,4
614,94:d4:69:f9:7d:60:,eduroam,-67,1709567567.0213213,LC414,1,4
615,94:d4:69:f9:7d:63:,CD91,-68,1709567567.0213213,LC414,1,4
616,94:d4:69:f9:7d:64:,Guest-CentraleSupelec,-67,1709567567.0213213,LC414,1,4
617,94:d4:69:f9:7d:66:,fabrique2024,-67,1709567567.0213213,LC414,1,4
618,94:d4:69:f9:7d:67:,stop&go,-64,1709567567.0213213,LC414,1,4
619,94:d4:69:f9:7d:68:,stop&go,-68,1709567567.0213213,LC414,1,4
620,94:d4:69:f9:7d:69:,fabrique2024,-64,1709567567.0213213,LC414,1,4
621,94:d4:69:f9:7d:6b:,Guest-CentraleSupelec,-64,1709567567.0213213,LC414,1,4
622,94:d4:69:f9:7d:6c:,CD91,-64,1709567567.0213213,LC414,1,4
623,94:d4:69:f9:7d:6f:,eduroam,-64,1709567567.0213213,LC414,1,4
624,94:d4:69:fa:94:43:,CD91,-78,1709567567.0213213,LC414,1,4
625,94:d4:69:fa:94:46:,fabrique2024,-74,1709567567.0213213,LC414,1,4
626,94:d4:69:fa:94:47:,stop&go,-81,1709567567.0213213,LC414,1,4
627,94:d4:69:fa:94:48:,stop&go,-82,1709567567.0213213,LC414,1,4
628,94:d4:69:fa:94:49:,fabrique2024,-81,1709567567.0213213,LC414,1,4
629,94:d4:69:fa:94:4b:,Guest-CentraleSupelec,-81,1709567567.0213213,LC414,1,4
630,94:d4:69:fa:94:4c:,CD91,-81,1709567567.0213213,LC414,1,4
631,94:d4:69:fa:94:4f:,eduroam,-81,1709567567.0213213,LC414,1,4
632,94:d4:69:fa:9a:03:,CD91,-78,1709567567.0213213,LC414,1,4
633,94:d4:69:fa:9a:04:,Guest-CentraleSupelec,-77,1709567567.0213213,LC414,1,4
634,94:d4:69:fa:9a:06:,fabrique2024,-76,1709567567.0213213,LC414,1,4
635,94:d4:69:fa:9a:08:,stop&go,-78,1709567567.0213213,LC414,1,4
636,94:d4:69:fd:b1:e0:,eduroam,-55,1709567567.0213213,LC414,1,4
637,94:d4:69:fd:b1:e3:,CD91,-55,1709567567.0213213,LC414,1,4
638,94:d4:69:fd:b1:e4:,Guest-CentraleSupelec,-55,1709567567.0213213,LC414,1,4
639,94:d4:69:fd:b1:e6:,fabrique2024,-56,1709567567.0213213,LC414,1,4
640,94:d4:69:fd:b1:e7:,stop&go,-56,1709567567.0213213,LC414,1,4
641,94:d4:69:fd:b1:e9:,fabrique2024,-63,1709567567.0213213,LC414,1,4
642,94:d4:69:fd:b1:eb:,Guest-CentraleSupelec,-63,1709567567.0213213,LC414,1,4
643,94:d4:69:fd:b1:ec:,CD91,-63,1709567567.0213213,LC414,1,4
644,94:d4:69:fd:b1:ef:,eduroam,-61,1709567567.0213213,LC414,1,4
645,94:d4:69:fd:b2:23:,CD91,-81,1709567567.0213213,LC414,1,4
646,94:d4:69:fd:b2:28:,stop&go,-84,1709567567.0213213,LC414,1,4
647,70:d3:79:2e:8c:80:,eduroam,-70,1709567568.2092977,LC414,1,4
648,70:d3:79:2e:8c:83:,CD91,-70,1709567568.2092977,LC414,1,4
649,70:d3:79:2e:8c:84:,Guest-CentraleSupelec,-73,1709567568.2092977,LC414,1,4
650,70:d3:79:2e:8c:86:,fabrique2024,-70,1709567568.2092977,LC414,1,4
651,70:d3:79:2e:8c:87:,stop&go,-82,1709567568.2092977,LC414,1,4
652,70:d3:79:2e:8c:88:,stop&go,-82,1709567568.2092977,LC414,1,4
653,70:d3:79:2e:8c:89:,fabrique2024,-82,1709567568.2092977,LC414,1,4
654,70:d3:79:2e:8c:8b:,Guest-CentraleSupelec,-82,1709567568.2092977,LC414,1,4
655,70:d3:79:2e:8c:8c:,CD91,-82,1709567568.2092977,LC414,1,4
656,70:d3:79:2e:8c:8f:,eduroam,-82,1709567568.2092977,LC414,1,4
657,84:3d:c6:f5:f1:87:,stop&go,-84,1709567568.2092977,LC414,1,4
658,84:3d:c6:f5:f1:89:,fabrique2024,-85,1709567568.2092977,LC414,1,4
659,84:3d:c6:f5:f1:8b:,Guest-CentraleSupelec,-85,1709567568.2092977,LC414,1,4
660,84:3d:c6:f5:f1:8c:,CD91,-84,1709567568.2092977,LC414,1,4
661,84:3d:c6:f5:f1:8f:,eduroam,-84,1709567568.2092977,LC414,1,4
662,94:d4:69:f6:e4:e0:,eduroam,-81,1709567568.2092977,LC414,1,4
663,94:d4:69:f6:e4:e3:,CD91,-81,1709567568.2092977,LC414,1,4
664,94:d4:69:f6:e4:e4:,Guest-CentraleSupelec,-82,1709567568.2092977,LC414,1,4
665,94:d4:69:f6:e4:e6:,fabrique2024,-81,1709567568.2092977,LC414,1,4
666,94:d4:69:f6:e4:e8:,stop&go,-86,1709567568.2092977,LC414,1,4
667,94:d4:69:f6:e4:e9:,fabrique2024,-87,1709567568.2092977,LC414,1,4
668,94:d4:69:f6:e4:eb:,Guest-CentraleSupelec,-86,1709567568.2092977,LC414,1,4
669,94:d4:69:f6:e4:ec:,CD91,-85,1709567568.2092977,LC414,1,4
670,94:d4:69:f6:e4:ef:,eduroam,-85,1709567568.2092977,LC414,1,4
671,94:d4:69:f9:7d:60:,eduroam,-67,1709567568.2092977,LC414,1,4
672,94:d4:69:f9:7d:63:,CD91,-68,1709567568.2092977,LC414,1,4
673,94:d4:69:f9:7d:64:,Guest-CentraleSupelec,-67,1709567568.2092977,LC414,1,4
674,94:d4:69:f9:7d:66:,fabrique2024,-67,1709567568.2092977,LC414,1,4
675,94:d4:69:f9:7d:67:,stop&go,-64,1709567568.2092977,LC414,1,4
676,94:d4:69:f9:7d:68:,stop&go,-68,1709567568.2092977,LC414,1,4
677,94:d4:69:f9:7d:69:,fabrique2024,-64,1709567568.2092977,LC414,1,4
678,94:d4:69:f9:7d:6b:,Guest-CentraleSupelec,-64,1709567568.2092977,LC414,1,4
679,94:d4:69:f9:7d:6c:,CD91,-64,1709567568.2092977,LC414,1,4
680,94:d4:69:f9:7d:6f:,eduroam,-64,1709567568.2092977,LC414,1,4
681,94:d4:69:fa:94:43:,CD91,-78,1709567568.2092977,LC414,1,4
682,94:d4:69:fa:94:46:,fabrique2024,-74,1709567568.2092977,LC414,1,4
683,94:d4:69:fa:94:47:,stop&go,-81,1709567568.2092977,LC414,1,4
684,94:d4:69:fa:94:48:,stop&go,-82,1709567568.2092977,LC414,1,4
685,94:d4:69:fa:94:49:,fabrique2024,-81,1709567568.2092977,LC414,1,4
686,94:d4:69:fa:94:4b:,Guest-CentraleSupelec,-81,1709567568.2092977,LC414,1,4
687,94:d4:69:fa:94:4c:,CD91,-81,1709567568.2092977,LC414,1,4
688,94:d4:69:fa:94:4f:,eduroam,-81,1709567568.2092977,LC414,1,4
689,94:d4:69:fa:9a:03:,CD91,-78,1709567568.2092977,LC414,1,4
690,94:d4:69:fa:9a:04:,Guest-CentraleSupelec,-77,1709567568.2092977,LC414,1,4
691,94:d4:69:fa:9a:06:,fabrique2024,-76,1709567568.2092977,LC414,1,4
692,94:d4:69:fa:9a:08:,stop&go,-78,1709567568.2092977,LC414,1,4
693,94:d4:69:fd:b1:e0:,eduroam,-55,1709567568.2092977,LC414,1,4
694,94:d4:69:fd:b1:e3:,CD91,-55,1709567568.2092977,LC414,1,4
695,94:d4:69:fd:b1:e4:,Guest-CentraleSupelec,-55,1709567568.2092977,LC414,1,4
696,94:d4:69:fd:b1:e6:,fabrique2024,-56,1709567568.2092977,LC414,1,4
697,94:d4:69:fd:b1:e7:,stop&go,-56,1709567568.2092977,LC414,1,4
698,94:d4:69:fd:b1:e9:,fabrique2024,-63,1709567568.2092977,LC414,1,4
699,94:d4:69:fd:b1:eb:,Guest-CentraleSupelec,-63,1709567568.2092977,LC414,1,4
700,94:d4:69:fd:b1:ec:,CD91,-63,1709567568.2092977,LC414,1,4
701,94:d4:69:fd:b1:ef:,eduroam,-61,1709567568.2092977,LC414,1,4
702,94:d4:69:fd:b2:23:,CD91,-81,1709567568.2092977,LC414,1,4
703,94:d4:69:fd:b2:28:,stop&go,-84,1709567568.2092977,LC414,1,4
704,70:d3:79:2e:8c:80:,eduroam,-70,1709567569.2150676,LC414,1,4
705,70:d3:79:2e:8c:83:,CD91,-70,1709567569.2150676,LC414,1,4
706,70:d3:79:2e:8c:84:,Guest-CentraleSupelec,-73,1709567569.2150676,LC414,1,4
707,70:d3:79:2e:8c:86:,fabrique2024,-70,1709567569.2150676,LC414,1,4
708,70:d3:79:2e:8c:87:,stop&go,-80,1709567569.2150676,LC414,1,4
709,70:d3:79:2e:8c:88:,stop&go,-82,1709567569.2150676,LC414,1,4
710,70:d3:79:2e:8c:89:,fabrique2024,-80,1709567569.2150676,LC414,1,4
711,70:d3:79:2e:8c:8b:,Guest-CentraleSupelec,-80,1709567569.2150676,LC414,1,4
712,70:d3:79:2e:8c:8c:,CD91,-80,1709567569.2150676,LC414,1,4
713,70:d3:79:2e:8c:8f:,eduroam,-80,1709567569.2150676,LC414,1,4
714,84:3d:c6:f5:f1:87:,stop&go,-84,1709567569.2150676,LC414,1,4
715,84:3d:c6:f5:f1:89:,fabrique2024,-85,1709567569.2150676,LC414,1,4
716,84:3d:c6:f5:f1:8b:,Guest-CentraleSupelec,-85,1709567569.2150676,LC414,1,4
717,84:3d:c6:f5:f1:8c:,CD91,-84,1709567569.2150676,LC414,1,4
718,84:3d:c6:f5:f1:8f:,eduroam,-84,1709567569.2150676,LC414,1,4
719,94:d4:69:f6:e4:e0:,eduroam,-81,1709567569.2150676,LC414,1,4
720,94:d4:69:f6:e4:e3:,CD91,-81,1709567569.2150676,LC414,1,4
721,94:d4:69:f6:e4:e4:,Guest-CentraleSupelec,-82,1709567569.2150676,LC414,1,4
722,94:d4:69:f6:e4:e6:,fabrique2024,-81,1709567569.2150676,LC414,1,4
723,94:d4:69:f6:e4:e8:,stop&go,-86,1709567569.2150676,LC414,1,4
724,94:d4:69:f6:e4:e9:,fabrique2024,-87,1709567569.2150676,LC414,1,4
725,94:d4:69:f6:e4:eb:,Guest-CentraleSupelec,-86,1709567569.2150676,LC414,1,4
726,94:d4:69:f6:e4:ec:,CD91,-85,1709567569.2150676,LC414,1,4
727,94:d4:69:f6:e4:ef:,eduroam,-85,1709567569.2150676,LC414,1,4
728,94:d4:69:f9:7d:60:,eduroam,-67,1709567569.2150676,LC414,1,4
729,94:d4:69:f9:7d:63:,CD91,-68,1709567569.2150676,LC414,1,4
730,94:d4:69:f9:7d:64:,Guest-CentraleSupelec,-67,1709567569.2150676,LC414,1,4
731,94:d4:69:f9:7d:66:,fabrique2024,-67,1709567569.2150676,LC414,1,4
732,94:d4:69:f9:7d:67:,stop&go,-64,1709567569.2150676,LC414,1,4
733,94:d4:69:f9:7d:68:,stop&go,-68,1709567569.2150676,LC414,1,4
734,94:d4:69:f9:7d:69:,fabrique2024,-65,1709567569.2150676,LC414,1,4
735,94:d4:69:f9:7d:6b:,Guest-CentraleSupelec,-64,1709567569.2150676,LC414,1,4
736,94:d4:69:f9:7d:6c:,CD91,-64,1709567569.2150676,LC414,1,4
737,94:d4:69:f9:7d:6f:,eduroam,-64,1709567569.2150676,LC414,1,4
738,94:d4:69:fa:94:43:,CD91,-78,1709567569.2150676,LC414,1,4
739,94:d4:69:fa:94:46:,fabrique2024,-74,1709567569.2150676,LC414,1,4
740,94:d4:69:fa:94:47:,stop&go,-81,1709567569.2150676,LC414,1,4
741,94:d4:69:fa:94:48:,stop&go,-82,1709567569.2150676,LC414,1,4
742,94:d4:69:fa:94:49:,fabrique2024,-81,1709567569.2150676,LC414,1,4
743,94:d4:69:fa:94:4b:,Guest-CentraleSupelec,-81,1709567569.2150676,LC414,1,4
744,94:d4:69:fa:94:4c:,CD91,-81,1709567569.2150676,LC414,1,4
745,94:d4:69:fa:94:4f:,eduroam,-81,1709567569.2150676,LC414,1,4
746,94:d4:69:fa:9a:03:,CD91,-78,1709567569.2150676,LC414,1,4
747,94:d4:69:fa:9a:04:,Guest-CentraleSupelec,-77,1709567569.2150676,LC414,1,4
748,94:d4:69:fa:9a:06:,fabrique2024,-76,1709567569.2150676,LC414,1,4
749,94:d4:69:fa:9a:08:,stop&go,-78,1709567569.2150676,LC414,1,4
750,94:d4:69:fd:b1:e0:,eduroam,-57,1709567569.2150676,LC414,1,4
751,94:d4:69:fd:b1:e3:,CD91,-57,1709567569.2150676,LC414,1,4
752,94:d4:69:fd:b1:e4:,Guest-CentraleSupelec,-57,1709567569.2150676,LC414,1,4
753,94:d4:69:fd:b1:e6:,fabrique2024,-57,1709567569.2150676,LC414,1,4
754,94:d4:69:fd:b1:e7:,stop&go,-56,1709567569.2150676,LC414,1,4
755,94:d4:69:fd:b1:e8:,stop&go,-62,1709567569.2150676,LC414,1,4
756,94:d4:69:fd:b1:e9:,fabrique2024,-63,1709567569.2150676,LC414,1,4
757,94:d4:69:fd:b1:eb:,Guest-CentraleSupelec,-63,1709567569.2150676,LC414,1,4
758,94:d4:69:fd:b1:ec:,CD91,-63,1709567569.2150676,LC414,1,4
759,94:d4:69:fd:b1:ef:,eduroam,-61,1709567569.2150676,LC414,1,4
760,94:d4:69:fd:b2:23:,CD91,-81,1709567569.2150676,LC414,1,4
761,94:d4:69:fd:b2:28:,stop&go,-84,1709567569.2150676,LC414,1,4
762,70:d3:79:2e:8c:80:,eduroam,-70,1709567570.3552022,LC414,1,4
763,70:d3:79:2e:8c:83:,CD91,-70,1709567570.3552022,LC414,1,4
764,70:d3:79:2e:8c:84:,Guest-CentraleSupelec,-73,1709567570.3552022,LC414,1,4
765,70:d3:79:2e:8c:86:,fabrique2024,-70,1709567570.3552022,LC414,1,4
766,70:d3:79:2e:8c:87:,stop&go,-80,1709567570.3552022,LC414,1,4
767,70:d3:79:2e:8c:88:,stop&go,-82,1709567570.3552022,LC414,1,4
768,70:d3:79:2e:8c:89:,fabrique2024,-80,1709567570.3552022,LC414,1,4
769,70:d3:79:2e:8c:8b:,Guest-CentraleSupelec,-80,1709567570.3552022,LC414,1,4
770,70:d3:79:2e:8c:8c:,CD91,-80,1709567570.3552022,LC414,1,4
771,70:d3:79:2e:8c:8f:,eduroam,-80,1709567570.3552022,LC414,1,4
772,84:3d:c6:f5:f1:87:,stop&go,-84,1709567570.3552022,LC414,1,4
773,84:3d:c6:f5:f1:89:,fabrique2024,-85,1709567570.3552022,LC414,1,4
774,84:3d:c6:f5:f1:8b:,Guest-CentraleSupelec,-85,1709567570.3552022,LC414,1,4
775,84:3d:c6:f5:f1:8c:,CD91,-84,1709567570.3552022,LC414,1,4
776,84:3d:c6:f5:f1:8f:,eduroam,-84,1709567570.3552022,LC414,1,4
777,94:d4:69:f6:e4:e0:,eduroam,-81,1709567570.3552022,LC414,1,4
778,94:d4:69:f6:e4:e3:,CD91,-81,1709567570.3552022,LC414,1,4
779,94:d4:69:f6:e4:e4:,Guest-CentraleSupelec,-82,1709567570.3552022,LC414,1,4
780,94:d4:69:f6:e4:e6:,fabrique2024,-81,1709567570.3552022,LC414,1,4
781,94:d4:69:f6:e4:e8:,stop&go,-86,1709567570.3552022,LC414,1,4
782,94:d4:69:f6:e4:e9:,fabrique2024,-87,1709567570.3552022,LC414,1,4
783,94:d4:69:f6:e4:eb:,Guest-CentraleSupelec,-86,1709567570.3552022,LC414,1,4
784,94:d4:69:f6:e4:ec:,CD91,-85,1709567570.3552022,LC414,1,4
785,94:d4:69:f6:e4:ef:,eduroam,-85,1709567570.3552022,LC414,1,4
786,94:d4:69:f9:7d:60:,eduroam,-67,1709567570.3552022,LC414,1,4
787,94:d4:69:f9:7d:63:,CD91,-68,1709567570.3552022,LC414,1,4
788,94:d4:69:f9:7d:64:,Guest-CentraleSupelec,-67,1709567570.3552022,LC414,1,4
789,94:d4:69:f9:7d:66:,fabrique2024,-67,1709567570.3552022,LC414,1,4
790,94:d4:69:f9:7d:67:,stop&go,-64,1709567570.3552022,LC414,1,4
791,94:d4:69:f9:7d:68:,stop&go,-68,1709567570.3552022,LC414,1,4
792,94:d4:69:f9:7d:69:,fabrique2024,-65,1709567570.3552022,LC414,1,4
793,94:d4:69:f9:7d:6b:,Guest-CentraleSupelec,-64,1709567570.3552022,LC414,1,4
794,94:d4:69:f9:7d:6c:,CD91,-64,1709567570.3552022,LC414,1,4
795,94:d4:69:f9:7d:6f:,eduroam,-64,1709567570.3552022,LC414,1,4
796,94:d4:69:fa:94:43:,CD91,-78,1709567570.3552022,LC414,1,4
797,94:d4:69:fa:94:46:,fabrique2024,-74,1709567570.3552022,LC414,1,4
798,94:d4:69:fa:94:47:,stop&go,-81,1709567570.3552022,LC414,1,4
799,94:d4:69:fa:94:48:,stop&go,-82,1709567570.3552022,LC414,1,4
800,94:d4:69:fa:94:49:,fabrique2024,-81,1709567570.3552022,LC414,1,4
801,94:d4:69:fa:94:4b:,Guest-CentraleSupelec,-81,1709567570.3552022,LC414,1,4
802,94:d4:69:fa:94:4c:,CD91,-81,1709567570.3552022,LC414,1,4
803,94:d4:69:fa:94:4f:,eduroam,-81,1709567570.3552022,LC414,1,4
804,94:d4:69:fa:9a:03:,CD91,-78,1709567570.3552022,LC414,1,4
805,94:d4:69:fa:9a:04:,Guest-CentraleSupelec,-77,1709567570.3552022,LC414,1,4
806,94:d4:69:fa:9a:06:,fabrique2024,-76,1709567570.3552022,LC414,1,4
807,94:d4:69:fa:9a:08:,stop&go,-78,1709567570.3552022,LC414,1,4
808,94:d4:69:fd:b1:e0:,eduroam,-57,1709567570.3552022,LC414,1,4
809,94:d4:69:fd:b1:e3:,CD91,-57,1709567570.3552022,LC414,1,4
810,94:d4:69:fd:b1:e4:,Guest-CentraleSupelec,-57,1709567570.3552022,LC414,1,4
811,94:d4:69:fd:b1:e6:,fabrique2024,-57,1709567570.3552022,LC414,1,4
812,94:d4:69:fd:b1:e7:,stop&go,-56,1709567570.3552022,LC414,1,4
813,94:d4:69:fd:b1:e8:,stop&go,-62,1709567570.3552022,LC414,1,4
814,94:d4:69:fd:b1:e9:,fabrique2024,-63,1709567570.3552022,LC414,1,4
815,94:d4:69:fd:b1:eb:,Guest-CentraleSupelec,-63,1709567570.3552022,LC414,1,4
816,94:d4:69:fd:b1:ec:,CD91,-63,1709567570.3552022,LC414,1,4
817,94:d4:69:fd:b1:ef:,eduroam,-61,1709567570.3552022,LC414,1,4
818,94:d4:69:fd:b2:23:,CD91,-81,1709567570.3552022,LC414,1,4
819,94:d4:69:fd:b2:28:,stop&go,-84,1709567570.3552022,LC414,1,4
820,70:d3:79:2e:8c:80:,eduroam,-70,1709567571.5518343,LC414,1,4
821,70:d3:79:2e:8c:83:,CD91,-70,1709567571.5518343,LC414,1,4
822,70:d3:79:2e:8c:84:,Guest-CentraleSupelec,-73,1709567571.5518343,LC414,1,4
823,70:d3:79:2e:8c:86:,fabrique2024,-70,1709567571.5518343,LC414,1,4
824,70:d3:79:2e:8c:87:,stop&go,-80,1709567571.5518343,LC414,1,4
825,70:d3:79:2e:8c:88:,stop&go,-82,1709567571.5518343,LC414,1,4
826,70:d3:79:2e:8c:89:,fabrique2024,-80,1709567571.5518343,LC414,1,4
827,70:d3:79:2e:8c:8b:,Guest-CentraleSupelec,-80,1709567571.5518343,LC414,1,4
828,70:d3:79:2e:8c:8c:,CD91,-80,1709567571.5518343,LC414,1,4
829,70:d3:79:2e:8c:8f:,eduroam,-80,1709567571.5518343,LC414,1,4
830,84:3d:c6:f5:f1:87:,stop&go,-84,1709567571.5518343,LC414,1,4
831,84:3d:c6:f5:f1:89:,fabrique2024,-85,1709567571.5518343,LC414,1,4
832,84:3d:c6:f5:f1:8b:,Guest-CentraleSupelec,-85,1709567571.5518343,LC414,1,4
833,84:3d:c6:f5:f1:8c:,CD91,-84,1709567571.5518343,LC414,1,4
834,84:3d:c6:f5:f1:8f:,eduroam,-84,1709567571.5518343,LC414,1,4
835,94:d4:69:f6:e4:e0:,eduroam,-81,1709567571.5518343,LC414,1,4
836,94:d4:69:f6:e4:e3:,CD91,-81,1709567571.5518343,LC414,1,4
837,94:d4:69:f6:e4:e4:,Guest-CentraleSupelec,-82,1709567571.5518343,LC414,1,4
838,94:d4:69:f6:e4:e6:,fabrique2024,-81,1709567571.5518343,LC414,1,4
839,94:d4:69:f6:e4:e8:,stop&go,-86,1709567571.5518343,LC414,1,4
840,94:d4:69:f6:e4:e9:,fabrique2024,-87,1709567571.5518343,LC414,1,4
841,94:d4:69:f6:e4:eb:,Guest-CentraleSupelec,-86,1709567571.5518343,LC414,1,4
842,94:d4:69:f6:e4:ec:,CD91,-85,1709567571.5518343,LC414,1,4
843,94:d4:69:f6:e4:ef:,eduroam,-85,1709567571.5518343,LC414,1,4
844,94:d4:69:f9:7d:60:,eduroam,-67,1709567571.5518343,LC414,1,4
845,94:d4:69:f9:7d:63:,CD91,-68,1709567571.5518343,LC414,1,4
846,94:d4:69:f9:7d:64:,Guest-CentraleSupelec,-67,1709567571.5518343,LC414,1,4
847,94:d4:69:f9:7d:66:,fabrique2024,-67,1709567571.5518343,LC414,1,4
848,94:d4:69:f9:7d:67:,stop&go,-64,1709567571.5518343,LC414,1,4
849,94:d4:69:f9:7d:68:,stop&go,-68,1709567571.5518343,LC414,1,4
850,94:d4:69:f9:7d:69:,fabrique2024,-65,1709567571.5518343,LC414,1,4
851,94:d4:69:f9:7d:6b:,Guest-CentraleSupelec,-64,1709567571.5518343,LC414,1,4
852,94:d4:69:f9:7d:6c:,CD91,-64,1709567571.5518343,LC414,1,4
853,94:d4:69:f9:7d:6f:,eduroam,-64,1709567571.5518343,LC414,1,4
854,94:d4:69:fa:94:43:,CD91,-78,1709567571.5518343,LC414,1,4
855,94:d4:69:fa:94:46:,fabrique2024,-74,1709567571.5518343,LC414,1,4
856,94:d4:69:fa:94:47:,stop&go,-81,1709567571.5518343,LC414,1,4
857,94:d4:69:fa:94:48:,stop&go,-82,1709567571.5518343,LC414,1,4
858,94:d4:69:fa:94:49:,fabrique2024,-81,1709567571.5518343,LC414,1,4
859,94:d4:69:fa:94:4b:,Guest-CentraleSupelec,-81,1709567571.5518343,LC414,1,4
860,94:d4:69:fa:94:4c:,CD91,-81,1709567571.5518343,LC414,1,4
861,94:d4:69:fa:94:4f:,eduroam,-81,1709567571.5518343,LC414,1,4
862,94:d4:69:fa:9a:03:,CD91,-78,1709567571.5518343,LC414,1,4
863,94:d4:69:fa:9a:04:,Guest-CentraleSupelec,-77,1709567571.5518343,LC414,1,4
864,94:d4:69:fa:9a:06:,fabrique2024,-76,1709567571.5518343,LC414,1,4
865,94:d4:69:fa:9a:08:,stop&go,-78,1709567571.5518343,LC414,1,4
866,94:d4:69:fd:b1:e0:,eduroam,-57,1709567571.5518343,LC414,1,4
867,94:d4:69:fd:b1:e3:,CD91,-57,1709567571.5518343,LC414,1,4
868,94:d4:69:fd:b1:e4:,Guest-CentraleSupelec,-57,1709567571.5518343,LC414,1,4
869,94:d4:69:fd:b1:e6:,fabrique2024,-57,1709567571.5518343,LC414,1,4
870,94:d4:69:fd:b1:e7:,stop&go,-56,1709567571.5518343,LC414,1,4
871,94:d4:69:fd:b1:e8:,stop&go,-62,1709567571.5518343,LC414,1,4
872,94:d4:69:fd:b1:e9:,fabrique2024,-63,1709567571.5518343,LC414,1,4
873,94:d4:69:fd:b1:eb:,Guest-CentraleSupelec,-63,1709567571.5518343,LC414,1,4
874,94:d4:69:fd:b1:ec:,CD91,-63,1709567571.5518343,LC414,1,4
875,94:d4:69:fd:b1:ef:,eduroam,-61,1709567571.5518343,LC414,1,4
876,94:d4:69:fd:b2:23:,CD91,-81,1709567571.5518343,LC414,1,4
877,94:d4:69:fd:b2:28:,stop&go,-84,1709567571.5518343,LC414,1,4
878,70:d3:79:2e:8c:80:,eduroam,-70,1709567572.5910838,LC414,1,4
879,70:d3:79:2e:8c:83:,CD91,-70,1709567572.5910838,LC414,1,4
880,70:d3:79:2e:8c:84:,Guest-CentraleSupelec,-73,1709567572.5910838,LC414,1,4
881,70:d3:79:2e:8c:86:,fabrique2024,-70,1709567572.5910838,LC414,1,4
882,70:d3:79:2e:8c:87:,stop&go,-80,1709567572.5910838,LC414,1,4
883,70:d3:79:2e:8c:88:,stop&go,-82,1709567572.5910838,LC414,1,4
884,70:d3:79:2e:8c:89:,fabrique2024,-80,1709567572.5910838,LC414,1,4
885,70:d3:79:2e:8c:8b:,Guest-CentraleSupelec,-80,1709567572.5910838,LC414,1,4
886,70:d3:79:2e:8c:8c:,CD91,-80,1709567572.5910838,LC414,1,4
887,70:d3:79:2e:8c:8f:,eduroam,-80,1709567572.5910838,LC414,1,4
888,84:3d:c6:f5:f1:87:,stop&go,-84,1709567572.5910838,LC414,1,4
889,84:3d:c6:f5:f1:89:,fabrique2024,-85,1709567572.5910838,LC414,1,4
890,84:3d:c6:f5:f1:8b:,Guest-CentraleSupelec,-85,1709567572.5910838,LC414,1,4
891,84:3d:c6:f5:f1:8c:,CD91,-84,1709567572.5910838,LC414,1,4
892,84:3d:c6:f5:f1:8f:,eduroam,-84,1709567572.5910838,LC414,1,4
893,94:d4:69:f6:e4:e0:,eduroam,-81,1709567572.5910838,LC414,1,4
894,94:d4:69:f6:e4:e3:,CD91,-81,1709567572.5910838,LC414,1,4
895,94:d4:69:f6:e4:e4:,Guest-CentraleSupelec,-77,1709567572.5910838,LC414,1,4
896,94:d4:69:f6:e4:e6:,fabrique2024,-81,1709567572.5910838,LC414,1,4
897,94:d4:69:f6:e4:e8:,stop&go,-86,1709567572.5910838,LC414,1,4
898,94:d4:69:f6:e4:e9:,fabrique2024,-87,1709567572.5910838,LC414,1,4
899,94:d4:69:f6:e4:eb:,Guest-CentraleSupelec,-86,1709567572.5910838,LC414,1,4
900,94:d4:69:f6:e4:ec:,CD91,-85,1709567572.5910838,LC414,1,4
901,94:d4:69:f6:e4:ef:,eduroam,-85,1709567572.5910838,LC414,1,4
902,94:d4:69:f9:7d:60:,eduroam,-67,1709567572.5910838,LC414,1,4
903,94:d4:69:f9:7d:63:,CD91,-68,1709567572.5910838,LC414,1,4
904,94:d4:69:f9:7d:64:,Guest-CentraleSupelec,-67,1709567572.5910838,LC414,1,4
905,94:d4:69:f9:7d:66:,fabrique2024,-67,1709567572.5910838,LC414,1,4
906,94:d4:69:f9:7d:67:,stop&go,-64,1709567572.5910838,LC414,1,4
907,94:d4:69:f9:7d:68:,stop&go,-68,1709567572.5910838,LC414,1,4
908,94:d4:69:f9:7d:69:,fabrique2024,-65,1709567572.5910838,LC414,1,4
909,94:d4:69:f9:7d:6b:,Guest-CentraleSupelec,-64,1709567572.5910838,LC414,1,4
910,94:d4:69:f9:7d:6c:,CD91,-64,1709567572.5910838,LC414,1,4
911,94:d4:69:f9:7d:6f:,eduroam,-64,1709567572.5910838,LC414,1,4
912,94:d4:69:fa:94:43:,CD91,-78,1709567572.5910838,LC414,1,4
913,94:d4:69:fa:94:46:,fabrique2024,-74,1709567572.5910838,LC414,1,4
914,94:d4:69:fa:94:47:,stop&go,-81,1709567572.5910838,LC414,1,4
915,94:d4:69:fa:94:48:,stop&go,-82,1709567572.5910838,LC414,1,4
916,94:d4:69:fa:94:49:,fabrique2024,-81,1709567572.5910838,LC414,1,4
917,94:d4:69:fa:94:4b:,Guest-CentraleSupelec,-81,1709567572.5910838,LC414,1,4
918,94:d4:69:fa:94:4c:,CD91,-81,1709567572.5910838,LC414,1,4
919,94:d4:69:fa:94:4f:,eduroam,-81,1709567572.5910838,LC414,1,4
920,94:d4:69:fa:9a:03:,CD91,-78,1709567572.5910838,LC414,1,4
921,94:d4:69:fa:9a:04:,Guest-CentraleSupelec,-77,1709567572.5910838,LC414,1,4
922,94:d4:69:fa:9a:06:,fabrique2024,-76,1709567572.5910838,LC414,1,4
923,94:d4:69:fa:9a:08:,stop&go,-78,1709567572.5910838,LC414,1,4
924,94:d4:69:fd:b1:e0:,eduroam,-55,1709567572.5910838,LC414,1,4
925,94:d4:69:fd:b1:e3:,CD91,-57,1709567572.5910838,LC414,1,4
926,94:d4:69:fd:b1:e4:,Guest-CentraleSupelec,-57,1709567572.5910838,LC414,1,4
927,94:d4:69:fd:b1:e6:,fabrique2024,-57,1709567572.5910838,LC414,1,4
928,94:d4:69:fd:b1:e7:,stop&go,-56,1709567572.5910838,LC414,1,4
929,94:d4:69:fd:b1:e8:,stop&go,-62,1709567572.5910838,LC414,1,4
930,94:d4:69:fd:b1:e9:,fabrique2024,-63,1709567572.5910838,LC414,1,4
931,94:d4:69:fd:b1:eb:,Guest-CentraleSupelec,-63,1709567572.5910838,LC414,1,4
932,94:d4:69:fd:b1:ec:,CD91,-63,1709567572.5910838,LC414,1,4
933,94:d4:69:fd:b1:ef:,eduroam,-61,1709567572.5910838,LC414,1,4
934,94:d4:69:fd:b2:23:,CD91,-81,1709567572.5910838,LC414,1,4
935,94:d4:69:fd:b2:28:,stop&go,-84,1709567572.5910838,LC414,1,4
936,70:d3:79:2e:8c:80:,eduroam,-70,1709567573.7559624,LC414,1,4
937,70:d3:79:2e:8c:83:,CD91,-70,1709567573.7559624,LC414,1,4
938,70:d3:79:2e:8c:84:,Guest-CentraleSupelec,-73,1709567573.7559624,LC414,1,4
939,70:d3:79:2e:8c:86:,fabrique2024,-70,1709567573.7559624,LC414,1,4
940,70:d3:79:2e:8c:87:,stop&go,-83,1709567573.7559624,LC414,1,4
941,70:d3:79:2e:8c:88:,stop&go,-82,1709567573.7559624,LC414,1,4
942,70:d3:79:2e:8c:89:,fabrique2024,-83,1709567573.7559624,LC414,1,4
943,70:d3:79:2e:8c:8b:,Guest-CentraleSupelec,-83,1709567573.7559624,LC414,1,4
944,70:d3:79:2e:8c:8c:,CD91,-82,1709567573.7559624,LC414,1,4
945,70:d3:79:2e:8c:8f:,eduroam,-83,1709567573.7559624,LC414,1,4
946,84:3d:c6:f5:f1:87:,stop&go,-84,1709567573.7559624,LC414,1,4
947,84:3d:c6:f5:f1:89:,fabrique2024,-85,1709567573.7559624,LC414,1,4
948,84:3d:c6:f5:f1:8b:,Guest-CentraleSupelec,-85,1709567573.7559624,LC414,1,4
949,84:3d:c6:f5:f1:8c:,CD91,-84,1709567573.7559624,LC414,1,4
950,84:3d:c6:f5:f1:8f:,eduroam,-84,1709567573.7559624,LC414,1,4
951,94:d4:69:f6:e4:e0:,eduroam,-81,1709567573.7559624,LC414,1,4
952,94:d4:69:f6:e4:e3:,CD91,-81,1709567573.7559624,LC414,1,4
953,94:d4:69:f6:e4:e4:,Guest-CentraleSupelec,-77,1709567573.7559624,LC414,1,4
954,94:d4:69:f6:e4:e6:,fabrique2024,-81,1709567573.7559624,LC414,1,4
955,94:d4:69:f6:e4:e8:,stop&go,-86,1709567573.7559624,LC414,1,4
956,94:d4:69:f6:e4:e9:,fabrique2024,-87,1709567573.7559624,LC414,1,4
957,94:d4:69:f6:e4:eb:,Guest-CentraleSupelec,-86,1709567573.7559624,LC414,1,4
958,94:d4:69:f6:e4:ec:,CD91,-85,1709567573.7559624,LC414,1,4
959,94:d4:69:f6:e4:ef:,eduroam,-85,1709567573.7559624,LC414,1,4
960,94:d4:69:f9:7d:60:,eduroam,-65,1709567573.7559624,LC414,1,4
961,94:d4:69:f9:7d:63:,CD91,-65,1709567573.7559624,LC414,1,4
962,94:d4:69:f9:7d:64:,Guest-CentraleSupelec,-65,1709567573.7559624,LC414,1,4
963,94:d4:69:f9:7d:66:,fabrique2024,-65,1709567573.7559624,LC414,1,4
964,94:d4:69:f9:7d:67:,stop&go,-64,1709567573.7559624,LC414,1,4
965,94:d4:69:f9:7d:68:,stop&go,-65,1709567573.7559624,LC414,1,4
966,94:d4:69:f9:7d:69:,fabrique2024,-64,1709567573.7559624,LC414,1,4
967,94:d4:69:f9:7d:6b:,Guest-CentraleSupelec,-64,1709567573.7559624,LC414,1,4
968,94:d4:69:f9:7d:6c:,CD91,-64,1709567573.7559624,LC414,1,4
969,94:d4:69:f9:7d:6f:,eduroam,-64,1709567573.7559624,LC414,1,4
970,94:d4:69:fa:94:43:,CD91,-78,1709567573.7559624,LC414,1,4
971,94:d4:69:fa:94:46:,fabrique2024,-74,1709567573.7559624,LC414,1,4
972,94:d4:69:fa:94:47:,stop&go,-81,1709567573.7559624,LC414,1,4
973,94:d4:69:fa:94:48:,stop&go,-82,1709567573.7559624,LC414,1,4
974,94:d4:69:fa:94:49:,fabrique2024,-81,1709567573.7559624,LC414,1,4
975,94:d4:69:fa:94:4b:,Guest-CentraleSupelec,-81,1709567573.7559624,LC414,1,4
976,94:d4:69:fa:94:4c:,CD91,-81,1709567573.7559624,LC414,1,4
977,94:d4:69:fa:94:4f:,eduroam,-81,1709567573.7559624,LC414,1,4
978,94:d4:69:fa:9a:03:,CD91,-78,1709567573.7559624,LC414,1,4
979,94:d4:69:fa:9a:04:,Guest-CentraleSupelec,-77,1709567573.7559624,LC414,1,4
980,94:d4:69:fa:9a:06:,fabrique2024,-76,1709567573.7559624,LC414,1,4
981,94:d4:69:fa:9a:08:,stop&go,-78,1709567573.7559624,LC414,1,4
982,94:d4:69:fd:b1:e0:,eduroam,-56,1709567573.7559624,LC414,1,4
983,94:d4:69:fd:b1:e3:,CD91,-56,1709567573.7559624,LC414,1,4
984,94:d4:69:fd:b1:e4:,Guest-CentraleSupelec,-56,1709567573.7559624,LC414,1,4
985,94:d4:69:fd:b1:e6:,fabrique2024,-56,1709567573.7559624,LC414,1,4
986,94:d4:69:fd:b1:e7:,stop&go,-56,1709567573.7559624,LC414,1,4
987,94:d4:69:fd:b1:e8:,stop&go,-62,1709567573.7559624,LC414,1,4
988,94:d4:69:fd:b1:e9:,fabrique2024,-61,1709567573.7559624,LC414,1,4
989,94:d4:69:fd:b1:eb:,Guest-CentraleSupelec,-61,1709567573.7559624,LC414,1,4
990,94:d4:69:fd:b1:ec:,CD91,-61,1709567573.7559624,LC414,1,4
991,94:d4:69:fd:b1:ef:,eduroam,-61,1709567573.7559624,LC414,1,4
992,94:d4:69:fd:b2:23:,CD91,-81,1709567573.7559624,LC414,1,4
993,94:d4:69:fd:b2:28:,stop&go,-84,1709567573.7559624,LC414,1,4
994,70:d3:79:2e:8c:80:,eduroam,-70,1709567574.7945907,LC414,1,4
995,70:d3:79:2e:8c:83:,CD91,-70,1709567574.7945907,LC414,1,4
996,70:d3:79:2e:8c:84:,Guest-CentraleSupelec,-73,1709567574.7945907,LC414,1,4
997,70:d3:79:2e:8c:86:,fabrique2024,-70,1709567574.7945907,LC414,1,4
998,70:d3:79:2e:8c:87:,stop&go,-83,1709567574.7945907,LC414,1,4
999,70:d3:79:2e:8c:88:,stop&go,-82,1709567574.7945907,LC414,1,4
1000,70:d3:79:2e:8c:89:,fabrique2024,-83,1709567574.7945907,LC414,1,4
1001,70:d3:79:2e:8c:8b:,Guest-CentraleSupelec,-83,1709567574.7945907,LC414,1,4
1002,70:d3:79:2e:8c:8c:,CD91,-82,1709567574.7945907,LC414,1,4
1003,70:d3:79:2e:8c:8f:,eduroam,-83,1709567574.7945907,LC414,1,4
1004,84:3d:c6:f5:f1:87:,stop&go,-84,1709567574.7945907,LC414,1,4
1005,84:3d:c6:f5:f1:89:,fabrique2024,-85,1709567574.7945907,LC414,1,4
1006,84:3d:c6:f5:f1:8b:,Guest-CentraleSupelec,-85,1709567574.7945907,LC414,1,4
1007,84:3d:c6:f5:f1:8c:,CD91,-84,1709567574.7945907,LC414,1,4
1008,84:3d:c6:f5:f1:8f:,eduroam,-84,1709567574.7945907,LC414,1,4
1009,94:d4:69:f6:e4:e0:,eduroam,-81,1709567574.7945907,LC414,1,4
1010,94:d4:69:f6:e4:e3:,CD91,-81,1709567574.7945907,LC414,1,4
1011,94:d4:69:f6:e4:e4:,Guest-CentraleSupelec,-77,1709567574.7945907,LC414,1,4
1012,94:d4:69:f6:e4:e6:,fabrique2024,-81,1709567574.7945907,LC414,1,4
1013,94:d4:69:f6:e4:e8:,stop&go,-86,1709567574.7945907,LC414,1,4
1014,94:d4:69:f6:e4:e9:,fabrique2024,-87,1709567574.7945907,LC414,1,4
1015,94:d4:69:f6:e4:eb:,Guest-CentraleSupelec,-86,1709567574.7945907,LC414,1,4
1016,94:d4:69:f6:e4:ec:,CD91,-85,1709567574.7945907,LC414,1,4
1017,94:d4:69:f6:e4:ef:,eduroam,-85,1709567574.7945907,LC414,1,4
1018,94:d4:69:f9:7d:60:,eduroam,-65,1709567574.7945907,LC414,1,4
1019,94:d4:69:f9:7d:63:,CD91,-65,1709567574.7945907,LC414,1,4
1020,94:d4:69:f9:7d:64:,Guest-CentraleSupelec,-65,1709567574.7945907,LC414,1,4
1021,94:d4:69:f9:7d:66:,fabrique2024,-65,1709567574.7945907,LC414,1,4
1022,94:d4:69:f9:7d:67:,stop&go,-64,1709567574.7945907,LC414,1,4
1023,94:d4:69:f9:7d:68:,stop&go,-65,1709567574.7945907,LC414,1,4
1024,94:d4:69:f9:7d:69:,fabrique2024,-64,1709567574.7945907,LC414,1,4
1025,94:d4:69:f9:7d:6b:,Guest-CentraleSupelec,-64,1709567574.7945907,LC414,1,4
1026,94:d4:69:f9:7d:6c:,CD91,-64,1709567574.7945907,LC414,1,4
1027,94:d4:69:f9:7d:6f:,eduroam,-64,1709567574.7945907,LC414,1,4
1028,94:d4:69:fa:94:43:,CD91,-78,1709567574.7945907,LC414,1,4
1029,94:d4:69:fa:94:46:,fabrique2024,-74,1709567574.7945907,LC414,1,4
1030,94:d4:69:fa:94:47:,stop&go,-81,1709567574.7945907,LC414,1,4
1031,94:d4:69:fa:94:48:,stop&go,-82,1709567574.7945907,LC414,1,4
1032,94:d4:69:fa:94:49:,fabrique2024,-81,1709567574.7945907,LC414,1,4
1033,94:d4:69:fa:94:4b:,Guest-CentraleSupelec,-81,1709567574.7945907,LC414,1,4
1034,94:d4:69:fa:94:4c:,CD91,-81,1709567574.7945907,LC414,1,4
1035,94:d4:69:fa:94:4f:,eduroam,-81,1709567574.7945907,LC414,1,4
1036,94:d4:69:fa:9a:03:,CD91,-78,1709567574.7945907,LC414,1,4
1037,94:d4:69:fa:9a:04:,Guest-CentraleSupelec,-77,1709567574.7945907,LC414,1,4
1038,94:d4:69:fa:9a:06:,fabrique2024,-76,1709567574.7945907,LC414,1,4
1039,94:d4:69:fa:9a:08:,stop&go,-78,1709567574.7945907,LC414,1,4
1040,94:d4:69:fd:b1:e0:,eduroam,-56,1709567574.7945907,LC414,1,4
1041,94:d4:69:fd:b1:e3:,CD91,-56,1709567574.7945907,LC414,1,4
1042,94:d4:69:fd:b1:e4:,Guest-CentraleSupelec,-56,1709567574.7945907,LC414,1,4
1043,94:d4:69:fd:b1:e6:,fabrique2024,-56,1709567574.7945907,LC414,1,4
1044,94:d4:69:fd:b1:e7:,stop&go,-56,1709567574.7945907,LC414,1,4
1045,94:d4:69:fd:b1:e8:,stop&go,-62,1709567574.7945907,LC414,1,4
1046,94:d4:69:fd:b1:e9:,fabrique2024,-61,1709567574.7945907,LC414,1,4
1047,94:d4:69:fd:b1:eb:,Guest-CentraleSupelec,-61,1709567574.7945907,LC414,1,4
1048,94:d4:69:fd:b1:ec:,CD91,-61,1709567574.7945907,LC414,1,4
1049,94:d4:69:fd:b1:ef:,eduroam,-62,1709567574.7945907,LC414,1,4
1050,94:d4:69:fd:b2:23:,CD91,-81,1709567574.7945907,LC414,1,4
1051,94:d4:69:fd:b2:28:,stop&go,-84,1709567574.7945907,LC414,1,4
1052,70:d3:79:2e:8c:80:,eduroam,-70,1709567575.817062,LC414,1,4
1053,70:d3:79:2e:8c:83:,CD91,-70,1709567575.817062,LC414,1,4
1054,70:d3:79:2e:8c:84:,Guest-CentraleSupelec,-72,1709567575.817062,LC414,1,4
1055,70:d3:79:2e:8c:86:,fabrique2024,-70,1709567575.817062,LC414,1,4
1056,70:d3:79:2e:8c:87:,stop&go,-83,1709567575.817062,LC414,1,4
1057,70:d3:79:2e:8c:88:,stop&go,-82,1709567575.817062,LC414,1,4
1058,70:d3:79:2e:8c:89:,fabrique2024,-83,1709567575.817062,LC414,1,4
1059,70:d3:79:2e:8c:8b:,Guest-CentraleSupelec,-83,1709567575.817062,LC414,1,4
1060,70:d3:79:2e:8c:8c:,CD91,-82,1709567575.817062,LC414,1,4
1061,70:d3:79:2e:8c:8f:,eduroam,-83,1709567575.817062,LC414,1,4
1062,84:3d:c6:f5:f1:87:,stop&go,-84,1709567575.817062,LC414,1,4
1063,84:3d:c6:f5:f1:89:,fabrique2024,-85,1709567575.817062,LC414,1,4
1064,84:3d:c6:f5:f1:8b:,Guest-CentraleSupelec,-85,1709567575.817062,LC414,1,4
1065,84:3d:c6:f5:f1:8c:,CD91,-84,1709567575.817062,LC414,1,4
1066,84:3d:c6:f5:f1:8f:,eduroam,-84,1709567575.817062,LC414,1,4
1067,94:d4:69:f6:e4:e0:,eduroam,-81,1709567575.817062,LC414,1,4
1068,94:d4:69:f6:e4:e3:,CD91,-81,1709567575.817062,LC414,1,4
1069,94:d4:69:f6:e4:e4:,Guest-CentraleSupelec,-80,1709567575.817062,LC414,1,4
1070,94:d4:69:f6:e4:e6:,fabrique2024,-81,1709567575.817062,LC414,1,4
1071,94:d4:69:f6:e4:e8:,stop&go,-86,1709567575.817062,LC414,1,4
1072,94:d4:69:f6:e4:e9:,fabrique2024,-87,1709567575.817062,LC414,1,4
1073,94:d4:69:f6:e4:eb:,Guest-CentraleSupelec,-86,1709567575.817062,LC414,1,4
1074,94:d4:69:f6:e4:ec:,CD91,-85,1709567575.817062,LC414,1,4
1075,94:d4:69:f6:e4:ef:,eduroam,-85,1709567575.817062,LC414,1,4
1076,94:d4:69:f9:7d:60:,eduroam,-65,1709567575.817062,LC414,1,4
1077,94:d4:69:f9:7d:63:,CD91,-65,1709567575.817062,LC414,1,4
1078,94:d4:69:f9:7d:64:,Guest-CentraleSupelec,-65,1709567575.817062,LC414,1,4
1079,94:d4:69:f9:7d:66:,fabrique2024,-65,1709567575.817062,LC414,1,4
1080,94:d4:69:f9:7d:67:,stop&go,-64,1709567575.817062,LC414,1,4
1081,94:d4:69:f9:7d:68:,stop&go,-65,1709567575.817062,LC414,1,4
1082,94:d4:69:f9:7d:69:,fabrique2024,-64,1709567575.817062,LC414,1,4
1083,94:d4:69:f9:7d:6b:,Guest-CentraleSupelec,-64,1709567575.817062,LC414,1,4
1084,94:d4:69:f9:7d:6c:,CD91,-64,1709567575.817062,LC414,1,4
1085,94:d4:69:f9:7d:6f:,eduroam,-64,1709567575.817062,LC414,1,4
1086,94:d4:69:fa:94:43:,CD91,-78,1709567575.817062,LC414,1,4
1087,94:d4:69:fa:94:46:,fabrique2024,-74,1709567575.817062,LC414,1,4
1088,94:d4:69:fa:94:47:,stop&go,-81,1709567575.817062,LC414,1,4
1089,94:d4:69:fa:94:48:,stop&go,-82,1709567575.817062,LC414,1,4
1090,94:d4:69:fa:94:49:,fabrique2024,-81,1709567575.817062,LC414,1,4
1091,94:d4:69:fa:94:4b:,Guest-CentraleSupelec,-81,1709567575.817062,LC414,1,4
1092,94:d4:69:fa:94:4c:,CD91,-81,1709567575.817062,LC414,1,4
1093,94:d4:69:fa:94:4f:,eduroam,-81,1709567575.817062,LC414,1,4
1094,94:d4:69:fa:9a:03:,CD91,-78,1709567575.817062,LC414,1,4
1095,94:d4:69:fa:9a:04:,Guest-CentraleSupelec,-77,1709567575.817062,LC414,1,4
1096,94:d4:69:fa:9a:06:,fabrique2024,-76,1709567575.817062,LC414,1,4
1097,94:d4:69:fa:9a:08:,stop&go,-78,1709567575.817062,LC414,1,4
1098,94:d4:69:fd:b1:e0:,eduroam,-56,1709567575.817062,LC414,1,4
1099,94:d4:69:fd:b1:e3:,CD91,-54,1709567575.817062,LC414,1,4
1100,94:d4:69:fd:b1:e4:,Guest-CentraleSupelec,-54,1709567575.817062,LC414,1,4
1101,94:d4:69:fd:b1:e6:,fabrique2024,-54,1709567575.817062,LC414,1,4
1102,94:d4:69:fd:b1:e7:,stop&go,-56,1709567575.817062,LC414,1,4
1103,94:d4:69:fd:b1:e8:,stop&go,-62,1709567575.817062,LC414,1,4
1104,94:d4:69:fd:b1:e9:,fabrique2024,-61,1709567575.817062,LC414,1,4
1105,94:d4:69:fd:b1:eb:,Guest-CentraleSupelec,-61,1709567575.817062,LC414,1,4
1106,94:d4:69:fd:b1:ec:,CD91,-61,1709567575.817062,LC414,1,4
1107,94:d4:69:fd:b1:ef:,eduroam,-62,1709567575.817062,LC414,1,4
1108,94:d4:69:fd:b2:23:,CD91,-81,1709567575.817062,LC414,1,4
1109,94:d4:69:fd:b2:28:,stop&go,-84,1709567575.817062,LC414,1,4
1110,70:d3:79:2e:8c:80:,eduroam,-70,1709567576.9691026,LC414,1,4
1111,70:d3:79:2e:8c:83:,CD91,-70,1709567576.9691026,LC414,1,4
1112,70:d3:79:2e:8c:84:,Guest-CentraleSupelec,-72,1709567576.9691026,LC414,1,4
1113,70:d3:79:2e:8c:86:,fabrique2024,-70,1709567576.9691026,LC414,1,4
1114,70:d3:79:2e:8c:87:,stop&go,-80,1709567576.9691026,LC414,1,4
1115,70:d3:79:2e:8c:88:,stop&go,-82,1709567576.9691026,LC414,1,4
1116,70:d3:79:2e:8c:89:,fabrique2024,-80,1709567576.9691026,LC414,1,4
1117,70:d3:79:2e:8c:8b:,Guest-CentraleSupelec,-80,1709567576.9691026,LC414,1,4
1118,70:d3:79:2e:8c:8c:,CD91,-80,1709567576.9691026,LC414,1,4
1119,70:d3:79:2e:8c:8f:,eduroam,-80,1709567576.9691026,LC414,1,4
1120,84:3d:c6:f5:f1:87:,stop&go,-84,1709567576.9691026,LC414,1,4
1121,84:3d:c6:f5:f1:89:,fabrique2024,-85,1709567576.9691026,LC414,1,4
1122,84:3d:c6:f5:f1:8b:,Guest-CentraleSupelec,-85,1709567576.9691026,LC414,1,4
1123,84:3d:c6:f5:f1:8c:,CD91,-84,1709567576.9691026,LC414,1,4
1124,84:3d:c6:f5:f1:8f:,eduroam,-84,1709567576.9691026,LC414,1,4
1125,94:d4:69:f6:e4:e0:,eduroam,-81,1709567576.9691026,LC414,1,4
1126,94:d4:69:f6:e4:e3:,CD91,-81,1709567576.9691026,LC414,1,4
1127,94:d4:69:f6:e4:e4:,Guest-CentraleSupelec,-80,1709567576.9691026,LC414,1,4
1128,94:d4:69:f6:e4:e6:,fabrique2024,-81,1709567576.9691026,LC414,1,4
1129,94:d4:69:f6:e4:e8:,stop&go,-86,1709567576.9691026,LC414,1,4
1130,94:d4:69:f6:e4:e9:,fabrique2024,-87,1709567576.9691026,LC414,1,4
1131,94:d4:69:f6:e4:eb:,Guest-CentraleSupelec,-86,1709567576.9691026,LC414,1,4
1132,94:d4:69:f6:e4:ec:,CD91,-85,1709567576.9691026,LC414,1,4
1133,94:d4:69:f6:e4:ef:,eduroam,-85,1709567576.9691026,LC414,1,4
1134,94:d4:69:f9:7d:60:,eduroam,-65,1709567576.9691026,LC414,1,4
1135,94:d4:69:f9:7d:63:,CD91,-65,1709567576.9691026,LC414,1,4
1136,94:d4:69:f9:7d:64:,Guest-CentraleSupelec,-65,1709567576.9691026,LC414,1,4
1137,94:d4:69:f9:7d:66:,fabrique2024,-65,1709567576.9691026,LC414,1,4
1138,94:d4:69:f9:7d:67:,stop&go,-66,1709567576.9691026,LC414,1,4
1139,94:d4:69:f9:7d:68:,stop&go,-65,1709567576.9691026,LC414,1,4
1140,94:d4:69:f9:7d:69:,fabrique2024,-66,1709567576.9691026,LC414,1,4
1141,94:d4:69:f9:7d:6b:,Guest-CentraleSupelec,-66,1709567576.9691026,LC414,1,4
1142,94:d4:69:f9:7d:6c:,CD91,-66,1709567576.9691026,LC414,1,4
1143,94:d4:69:f9:7d:6f:,eduroam,-66,1709567576.9691026,LC414,1,4
1144,94:d4:69:fa:94:43:,CD91,-78,1709567576.9691026,LC414,1,4
1145,94:d4:69:fa:94:46:,fabrique2024,-74,1709567576.9691026,LC414,1,4
1146,94:d4:69:fa:94:47:,stop&go,-81,1709567576.9691026,LC414,1,4
1147,94:d4:69:fa:94:48:,stop&go,-82,1709567576.9691026,LC414,1,4
1148,94:d4:69:fa:94:49:,fabrique2024,-81,1709567576.9691026,LC414,1,4
1149,94:d4:69:fa:94:4b:,Guest-CentraleSupelec,-81,1709567576.9691026,LC414,1,4
1150,94:d4:69:fa:94:4c:,CD91,-81,1709567576.9691026,LC414,1,4
1151,94:d4:69:fa:94:4f:,eduroam,-81,1709567576.9691026,LC414,1,4
1152,94:d4:69:fa:9a:03:,CD91,-78,1709567576.9691026,LC414,1,4
1153,94:d4:69:fa:9a:04:,Guest-CentraleSupelec,-77,1709567576.9691026,LC414,1,4
1154,94:d4:69:fa:9a:06:,fabrique2024,-76,1709567576.9691026,LC414,1,4
1155,94:d4:69:fa:9a:08:,stop&go,-78,1709567576.9691026,LC414,1,4
1156,94:d4:69:fd:b1:e0:,eduroam,-56,1709567576.9691026,LC414,1,4
1157,94:d4:69:fd:b1:e3:,CD91,-54,1709567576.9691026,LC414,1,4
1158,94:d4:69:fd:b1:e4:,Guest-CentraleSupelec,-54,1709567576.9691026,LC414,1,4
1159,94:d4:69:fd:b1:e6:,fabrique2024,-54,1709567576.9691026,LC414,1,4
1160,94:d4:69:fd:b1:e7:,stop&go,-54,1709567576.9691026,LC414,1,4
1161,94:d4:69:fd:b1:e8:,stop&go,-62,1709567576.9691026,LC414,1,4
1162,94:d4:69:fd:b1:e9:,fabrique2024,-62,1709567576.9691026,LC414,1,4
1163,94:d4:69:fd:b1:eb:,Guest-CentraleSupelec,-62,1709567576.9691026,LC414,1,4
1164,94:d4:69:fd:b1:ec:,CD91,-62,1709567576.9691026,LC414,1,4
1165,94:d4:69:fd:b1:ef:,eduroam,-62,1709567576.9691026,LC414,1,4
1166,94:d4:69:fd:b2:23:,CD91,-81,1709567576.9691026,LC414,1,4
1167,94:d4:69:fd:b2:28:,stop&go,-84,1709567576.9691026,LC414,1,4
1168,70:d3:79:2e:8c:80:,eduroam,-70,1709567578.0030682,LC414,1,4
1169,70:d3:79:2e:8c:83:,CD91,-70,1709567578.0030682,LC414,1,4
1170,70:d3:79:2e:8c:84:,Guest-CentraleSupelec,-72,1709567578.0030682,LC414,1,4
1171,70:d3:79:2e:8c:86:,fabrique2024,-70,1709567578.0030682,LC414,1,4
1172,70:d3:79:2e:8c:87:,stop&go,-80,1709567578.0030682,LC414,1,4
1173,70:d3:79:2e:8c:88:,stop&go,-82,1709567578.0030682,LC414,1,4
1174,70:d3:79:2e:8c:89:,fabrique2024,-82,1709567578.0030682,LC414,1,4
1175,70:d3:79:2e:8c:8b:,Guest-CentraleSupelec,-82,1709567578.0030682,LC414,1,4
1176,70:d3:79:2e:8c:8c:,CD91,-82,1709567578.0030682,LC414,1,4
1177,70:d3:79:2e:8c:8f:,eduroam,-82,1709567578.0030682,LC414,1,4
1178,84:3d:c6:f5:f1:87:,stop&go,-84,1709567578.0030682,LC414,1,4
1179,84:3d:c6:f5:f1:89:,fabrique2024,-85,1709567578.0030682,LC414,1,4
1180,84:3d:c6:f5:f1:8b:,Guest-CentraleSupelec,-85,1709567578.0030682,LC414,1,4
1181,84:3d:c6:f5:f1:8c:,CD91,-84,1709567578.0030682,LC414,1,4
1182,84:3d:c6:f5:f1:8f:,eduroam,-84,1709567578.0030682,LC414,1,4
1183,94:d4:69:f6:e4:e0:,eduroam,-81,1709567578.0030682,LC414,1,4
1184,94:d4:69:f6:e4:e3:,CD91,-81,1709567578.0030682,LC414,1,4
1185,94:d4:69:f6:e4:e4:,Guest-CentraleSupelec,-80,1709567578.0030682,LC414,1,4
1186,94:d4:69:f6:e4:e6:,fabrique2024,-81,1709567578.0030682,LC414,1,4
1187,94:d4:69:f6:e4:e8:,stop&go,-86,1709567578.0030682,LC414,1,4
1188,94:d4:69:f6:e4:e9:,fabrique2024,-87,1709567578.0030682,LC414,1,4
1189,94:d4:69:f6:e4:eb:,Guest-CentraleSupelec,-86,1709567578.0030682,LC414,1,4
1190,94:d4:69:f6:e4:ec:,CD91,-85,1709567578.0030682,LC414,1,4
1191,94:d4:69:f6:e4:ef:,eduroam,-85,1709567578.0030682,LC414,1,4
1192,94:d4:69:f9:7d:60:,eduroam,-66,1709567578.0030682,LC414,1,4
1193,94:d4:69:f9:7d:63:,CD91,-66,1709567578.0030682,LC414,1,4
1194,94:d4:69:f9:7d:64:,Guest-CentraleSupelec,-66,1709567578.0030682,LC414,1,4
1195,94:d4:69:f9:7d:66:,fabrique2024,-66,1709567578.0030682,LC414,1,4
1196,94:d4:69:f9:7d:67:,stop&go,-64,1709567578.0030682,LC414,1,4
1197,94:d4:69:f9:7d:68:,stop&go,-66,1709567578.0030682,LC414,1,4
1198,94:d4:69:f9:7d:69:,fabrique2024,-64,1709567578.0030682,LC414,1,4
1199,94:d4:69:f9:7d:6b:,Guest-CentraleSupelec,-64,1709567578.0030682,LC414,1,4
1200,94:d4:69:f9:7d:6c:,CD91,-64,1709567578.0030682,LC414,1,4
1201,94:d4:69:f9:7d:6f:,eduroam,-64,1709567578.0030682,LC414,1,4
1202,94:d4:69:fa:94:43:,CD91,-78,1709567578.0030682,LC414,1,4
1203,94:d4:69:fa:94:46:,fabrique2024,-74,1709567578.0030682,LC414,1,4
1204,94:d4:69:fa:94:47:,stop&go,-81,1709567578.0030682,LC414,1,4
1205,94:d4:69:fa:94:48:,stop&go,-82,1709567578.0030682,LC414,1,4
1206,94:d4:69:fa:94:49:,fabrique2024,-81,1709567578.0030682,LC414,1,4
1207,94:d4:69:fa:94:4b:,Guest-CentraleSupelec,-81,1709567578.0030682,LC414,1,4
1208,94:d4:69:fa:94:4c:,CD91,-81,1709567578.0030682,LC414,1,4
1209,94:d4:69:fa:94:4f:,eduroam,-81,1709567578.0030682,LC414,1,4
1210,94:d4:69:fa:9a:03:,CD91,-78,1709567578.0030682,LC414,1,4
1211,94:d4:69:fa:9a:04:,Guest-CentraleSupelec,-77,1709567578.0030682,LC414,1,4
1212,94:d4:69:fa:9a:06:,fabrique2024,-76,1709567578.0030682,LC414,1,4
1213,94:d4:69:fa:9a:08:,stop&go,-78,1709567578.0030682,LC414,1,4
1214,94:d4:69:fd:b1:e0:,eduroam,-56,1709567578.0030682,LC414,1,4
1215,94:d4:69:fd:b1:e3:,CD91,-55,1709567578.0030682,LC414,1,4
1216,94:d4:69:fd:b1:e4:,Guest-CentraleSupelec,-56,1709567578.0030682,LC414,1,4
1217,94:d4:69:fd:b1:e6:,fabrique2024,-56,1709567578.0030682,LC414,1,4
1218,94:d4:69:fd:b1:e7:,stop&go,-54,1709567578.0030682,LC414,1,4
1219,94:d4:69:fd:b1:e8:,stop&go,-63,1709567578.0030682,LC414,1,4
1220,94:d4:69:fd:b1:e9:,fabrique2024,-63,1709567578.0030682,LC414,1,4
1221,94:d4:69:fd:b1:eb:,Guest-CentraleSupelec,-63,1709567578.0030682,LC414,1,4
1222,94:d4:69:fd:b1:ec:,CD91,-63,1709567578.0030682,LC414,1,4
1223,94:d4:69:fd:b1:ef:,eduroam,-62,1709567578.0030682,LC414,1,4
1224,94:d4:69:fd:b2:23:,CD91,-81,1709567578.0030682,LC414,1,4
1225,94:d4:69:fd:b2:28:,stop&go,-84,1709567578.0030682,LC414,1,4
1226,70:d3:79:2e:8c:80:,eduroam,-70,1709567579.1541631,LC414,1,4
1227,70:d3:79:2e:8c:83:,CD91,-70,1709567579.1541631,LC414,1,4
1228,70:d3:79:2e:8c:84:,Guest-CentraleSupelec,-72,1709567579.1541631,LC414,1,4
1229,70:d3:79:2e:8c:86:,fabrique2024,-70,1709567579.1541631,LC414,1,4
1230,70:d3:79:2e:8c:87:,stop&go,-80,1709567579.1541631,LC414,1,4
1231,70:d3:79:2e:8c:88:,stop&go,-82,1709567579.1541631,LC414,1,4
1232,70:d3:79:2e:8c:89:,fabrique2024,-82,1709567579.1541631,LC414,1,4
1233,70:d3:79:2e:8c:8b:,Guest-CentraleSupelec,-82,1709567579.1541631,LC414,1,4
1234,70:d3:79:2e:8c:8c:,CD91,-82,1709567579.1541631,LC414,1,4
1235,70:d3:79:2e:8c:8f:,eduroam,-82,1709567579.1541631,LC414,1,4
1236,84:3d:c6:f5:f1:87:,stop&go,-84,1709567579.1541631,LC414,1,4
1237,84:3d:c6:f5:f1:89:,fabrique2024,-85,1709567579.1541631,LC414,1,4
1238,84:3d:c6:f5:f1:8b:,Guest-CentraleSupelec,-85,1709567579.1541631,LC414,1,4
1239,84:3d:c6:f5:f1:8c:,CD91,-84,1709567579.1541631,LC414,1,4
1240,84:3d:c6:f5:f1:8f:,eduroam,-84,1709567579.1541631,LC414,1,4
1241,94:d4:69:f6:e4:e0:,eduroam,-81,1709567579.1541631,LC414,1,4
1242,94:d4:69:f6:e4:e3:,CD91,-81,1709567579.1541631,LC414,1,4
1243,94:d4:69:f6:e4:e4:,Guest-CentraleSupelec,-80,1709567579.1541631,LC414,1,4
1244,94:d4:69:f6:e4:e6:,fabrique2024,-81,1709567579.1541631,LC414,1,4
1245,94:d4:69:f6:e4:e8:,stop&go,-86,1709567579.1541631,LC414,1,4
1246,94:d4:69:f6:e4:e9:,fabrique2024,-87,1709567579.1541631,LC414,1,4
1247,94:d4:69:f6:e4:eb:,Guest-CentraleSupelec,-86,1709567579.1541631,LC414,1,4
1248,94:d4:69:f6:e4:ec:,CD91,-85,1709567579.1541631,LC414,1,4
1249,94:d4:69:f6:e4:ef:,eduroam,-85,1709567579.1541631,LC414,1,4
1250,94:d4:69:f9:7d:60:,eduroam,-66,1709567579.1541631,LC414,1,4
1251,94:d4:69:f9:7d:63:,CD91,-66,1709567579.1541631,LC414,1,4
1252,94:d4:69:f9:7d:64:,Guest-CentraleSupelec,-66,1709567579.1541631,LC414,1,4
1253,94:d4:69:f9:7d:66:,fabrique2024,-66,1709567579.1541631,LC414,1,4
1254,94:d4:69:f9:7d:67:,stop&go,-64,1709567579.1541631,LC414,1,4
1255,94:d4:69:f9:7d:68:,stop&go,-66,1709567579.1541631,LC414,1,4
1256,94:d4:69:f9:7d:69:,fabrique2024,-64,1709567579.1541631,LC414,1,4
1257,94:d4:69:f9:7d:6b:,Guest-CentraleSupelec,-64,1709567579.1541631,LC414,1,4
1258,94:d4:69:f9:7d:6c:,CD91,-64,1709567579.1541631,LC414,1,4
1259,94:d4:69:f9:7d:6f:,eduroam,-64,1709567579.1541631,LC414,1,4
1260,94:d4:69:fa:94:43:,CD91,-78,1709567579.1541631,LC414,1,4
1261,94:d4:69:fa:94:46:,fabrique2024,-74,1709567579.1541631,LC414,1,4
1262,94:d4:69:fa:94:47:,stop&go,-80,1709567579.1541631,LC414,1,4
1263,94:d4:69:fa:94:48:,stop&go,-82,1709567579.1541631,LC414,1,4
1264,94:d4:69:fa:94:49:,fabrique2024,-81,1709567579.1541631,LC414,1,4
1265,94:d4:69:fa:94:4b:,Guest-CentraleSupelec,-80,1709567579.1541631,LC414,1,4
1266,94:d4:69:fa:94:4c:,CD91,-80,1709567579.1541631,LC414,1,4
1267,94:d4:69:fa:94:4f:,eduroam,-81,1709567579.1541631,LC414,1,4
1268,94:d4:69:fa:9a:03:,CD91,-78,1709567579.1541631,LC414,1,4
1269,94:d4:69:fa:9a:04:,Guest-CentraleSupelec,-77,1709567579.1541631,LC414,1,4
1270,94:d4:69:fa:9a:06:,fabrique2024,-76,1709567579.1541631,LC414,1,4
1271,94:d4:69:fa:9a:08:,stop&go,-78,1709567579.1541631,LC414,1,4
1272,94:d4:69:fd:b1:e0:,eduroam,-56,1709567579.1541631,LC414,1,4
1273,94:d4:69:fd:b1:e3:,CD91,-55,1709567579.1541631,LC414,1,4
1274,94:d4:69:fd:b1:e4:,Guest-CentraleSupelec,-56,1709567579.1541631,LC414,1,4
1275,94:d4:69:fd:b1:e6:,fabrique2024,-56,1709567579.1541631,LC414,1,4
1276,94:d4:69:fd:b1:e7:,stop&go,-54,1709567579.1541631,LC414,1,4
1277,94:d4:69:fd:b1:e8:,stop&go,-63,1709567579.1541631,LC414,1,4
1278,94:d4:69:fd:b1:e9:,fabrique2024,-63,1709567579.1541631,LC414,1,4
1279,94:d4:69:fd:b1:eb:,Guest-CentraleSupelec,-63,1709567579.1541631,LC414,1,4
1280,94:d4:69:fd:b1:ec:,CD91,-63,1709567579.1541631,LC414,1,4
1281,94:d4:69:fd:b1:ef:,eduroam,-62,1709567579.1541631,LC414,1,4
1282,94:d4:69:fd:b2:23:,CD91,-81,1709567579.1541631,LC414,1,4
1283,94:d4:69:fd:b2:28:,stop&go,-84,1709567579.1541631,LC414,1,4
1284,70:d3:79:2e:8c:80:,eduroam,-70,1709567580.3096013,LC414,1,4
1285,70:d3:79:2e:8c:83:,CD91,-70,1709567580.3096013,LC414,1,4
1286,70:d3:79:2e:8c:84:,Guest-CentraleSupelec,-72,1709567580.3096013,LC414,1,4
1287,70:d3:79:2e:8c:86:,fabrique2024,-70,1709567580.3096013,LC414,1,4
1288,70:d3:79:2e:8c:87:,stop&go,-80,1709567580.3096013,LC414,1,4
1289,70:d3:79:2e:8c:88:,stop&go,-82,1709567580.3096013,LC414,1,4
1290,70:d3:79:2e:8c:89:,fabrique2024,-82,1709567580.3096013,LC414,1,4
1291,70:d3:79:2e:8c:8b:,Guest-CentraleSupelec,-82,1709567580.3096013,LC414,1,4
1292,70:d3:79:2e:8c:8c:,CD91,-82,1709567580.3096013,LC414,1,4
1293,70:d3:79:2e:8c:8f:,eduroam,-82,1709567580.3096013,LC414,1,4
1294,84:3d:c6:f5:f1:87:,stop&go,-84,1709567580.3096013,LC414,1,4
1295,84:3d:c6:f5:f1:89:,fabrique2024,-85,1709567580.3096013,LC414,1,4
1296,84:3d:c6:f5:f1:8b:,Guest-CentraleSupelec,-85,1709567580.3096013,LC414,1,4
1297,84:3d:c6:f5:f1:8c:,CD91,-84,1709567580.3096013,LC414,1,4
1298,84:3d:c6:f5:f1:8f:,eduroam,-84,1709567580.3096013,LC414,1,4
1299,94:d4:69:f6:e4:e0:,eduroam,-81,1709567580.3096013,LC414,1,4
1300,94:d4:69:f6:e4:e3:,CD91,-81,1709567580.3096013,LC414,1,4
1301,94:d4:69:f6:e4:e4:,Guest-CentraleSupelec,-80,1709567580.3096013,LC414,1,4
1302,94:d4:69:f6:e4:e6:,fabrique2024,-81,1709567580.3096013,LC414,1,4
1303,94:d4:69:f6:e4:e8:,stop&go,-86,1709567580.3096013,LC414,1,4
1304,94:d4:69:f6:e4:e9:,fabrique2024,-87,1709567580.3096013,LC414,1,4
1305,94:d4:69:f6:e4:eb:,Guest-CentraleSupelec,-86,1709567580.3096013,LC414,1,4
1306,94:d4:69:f6:e4:ec:,CD91,-85,1709567580.3096013,LC414,1,4
1307,94:d4:69:f6:e4:ef:,eduroam,-85,1709567580.3096013,LC414,1,4
1308,94:d4:69:f9:7d:60:,eduroam,-66,1709567580.3096013,LC414,1,4
1309,94:d4:69:f9:7d:63:,CD91,-66,1709567580.3096013,LC414,1,4
1310,94:d4:69:f9:7d:64:,Guest-CentraleSupelec,-66,1709567580.3096013,LC414,1,4
1311,94:d4:69:f9:7d:66:,fabrique2024,-66,1709567580.3096013,LC414,1,4
1312,94:d4:69:f9:7d:67:,stop&go,-64,1709567580.3096013,LC414,1,4
1313,94:d4:69:f9:7d:68:,stop&go,-66,1709567580.3096013,LC414,1,4
1314,94:d4:69:f9:7d:69:,fabrique2024,-64,1709567580.3096013,LC414,1,4
1315,94:d4:69:f9:7d:6b:,Guest-CentraleSupelec,-64,1709567580.3096013,LC414,1,4
1316,94:d4:69:f9:7d:6c:,CD91,-64,1709567580.3096013,LC414,1,4
1317,94:d4:69:f9:7d:6f:,eduroam,-64,1709567580.3096013,LC414,1,4
1318,94:d4:69:fa:94:43:,CD91,-78,1709567580.3096013,LC414,1,4
1319,94:d4:69:fa:94:46:,fabrique2024,-74,1709567580.3096013,LC414,1,4
1320,94:d4:69:fa:94:47:,stop&go,-80,1709567580.3096013,LC414,1,4
1321,94:d4:69:fa:94:48:,stop&go,-82,1709567580.3096013,LC414,1,4
1322,94:d4:69:fa:94:49:,fabrique2024,-81,1709567580.3096013,LC414,1,4
1323,94:d4:69:fa:94:4b:,Guest-CentraleSupelec,-80,1709567580.3096013,LC414,1,4
1324,94:d4:69:fa:94:4c:,CD91,-80,1709567580.3096013,LC414,1,4
1325,94:d4:69:fa:94:4f:,eduroam,-81,1709567580.3096013,LC414,1,4
1326,94:d4:69:fa:9a:03:,CD91,-78,1709567580.3096013,LC414,1,4
1327,94:d4:69:fa:9a:04:,Guest-CentraleSupelec,-77,1709567580.3096013,LC414,1,4
1328,94:d4:69:fa:9a:06:,fabrique2024,-76,1709567580.3096013,LC414,1,4
1329,94:d4:69:fa:9a:08:,stop&go,-78,1709567580.3096013,LC414,1,4
1330,94:d4:69:fd:b1:e0:,eduroam,-56,1709567580.3096013,LC414,1,4
1331,94:d4:69:fd:b1:e3:,CD91,-55,1709567580.3096013,LC414,1,4
1332,94:d4:69:fd:b1:e4:,Guest-CentraleSupelec,-56,1709567580.3096013,LC414,1,4
1333,94:d4:69:fd:b1:e6:,fabrique2024,-56,1709567580.3096013,LC414,1,4
1334,94:d4:69:fd:b1:e7:,stop&go,-54,1709567580.3096013,LC414,1,4
1335,94:d4:69:fd:b1:e8:,stop&go,-63,1709567580.3096013,LC414,1,4
1336,94:d4:69:fd:b1:e9:,fabrique2024,-63,1709567580.3096013,LC414,1,4
1337,94:d4:69:fd:b1:eb:,Guest-CentraleSupelec,-63,1709567580.3096013,LC414,1,4
1338,94:d4:69:fd:b1:ec:,CD91,-63,1709567580.3096013,LC414,1,4
1339,94:d4:69:fd:b1:ef:,eduroam,-62,1709567580.3096013,LC414,1,4
1340,94:d4:69:fd:b2:23:,CD91,-81,1709567580.3096013,LC414,1,4
1341,94:d4:69:fd:b2:28:,stop&go,-84,1709567580.3096013,LC414,1,4
1342,70:d3:79:2e:8c:80:,eduroam,-70,1709567581.3409405,LC414,1,4
1343,70:d3:79:2e:8c:83:,CD91,-70,1709567581.3409405,LC414,1,4
1344,70:d3:79:2e:8c:84:,Guest-CentraleSupelec,-72,1709567581.3409405,LC414,1,4
1345,70:d3:79:2e:8c:86:,fabrique2024,-70,1709567581.3409405,LC414,1,4
1346,70:d3:79:2e:8c:87:,stop&go,-80,1709567581.3409405,LC414,1,4
1347,70:d3:79:2e:8c:88:,stop&go,-82,1709567581.3409405,LC414,1,4
1348,70:d3:79:2e:8c:89:,fabrique2024,-82,1709567581.3409405,LC414,1,4
1349,70:d3:79:2e:8c:8b:,Guest-CentraleSupelec,-82,1709567581.3409405,LC414,1,4
1350,70:d3:79:2e:8c:8c:,CD91,-82,1709567581.3409405,LC414,1,4
1351,70:d3:79:2e:8c:8f:,eduroam,-82,1709567581.3409405,LC414,1,4
1352,84:3d:c6:f5:f1:87:,stop&go,-84,1709567581.3409405,LC414,1,4
1353,84:3d:c6:f5:f1:89:,fabrique2024,-85,1709567581.3409405,LC414,1,4
1354,84:3d:c6:f5:f1:8b:,Guest-CentraleSupelec,-85,1709567581.3409405,LC414,1,4
1355,84:3d:c6:f5:f1:8c:,CD91,-84,1709567581.3409405,LC414,1,4
1356,84:3d:c6:f5:f1:8f:,eduroam,-84,1709567581.3409405,LC414,1,4
1357,94:d4:69:f6:e4:e0:,eduroam,-81,1709567581.3409405,LC414,1,4
1358,94:d4:69:f6:e4:e3:,CD91,-81,1709567581.3409405,LC414,1,4
1359,94:d4:69:f6:e4:e4:,Guest-CentraleSupelec,-80,1709567581.3409405,LC414,1,4
1360,94:d4:69:f6:e4:e6:,fabrique2024,-81,1709567581.3409405,LC414,1,4
1361,94:d4:69:f6:e4:e8:,stop&go,-86,1709567581.3409405,LC414,1,4
1362,94:d4:69:f6:e4:e9:,fabrique2024,-87,1709567581.3409405,LC414,1,4
1363,94:d4:69:f6:e4:eb:,Guest-CentraleSupelec,-86,1709567581.3409405,LC414,1,4
1364,94:d4:69:f6:e4:ec:,CD91,-85,1709567581.3409405,LC414,1,4
1365,94:d4:69:f6:e4:ef:,eduroam,-85,1709567581.3409405,LC414,1,4
1366,94:d4:69:f9:7d:60:,eduroam,-66,1709567581.3409405,LC414,1,4
1367,94:d4:69:f9:7d:63:,CD91,-66,1709567581.3409405,LC414,1,4
1368,94:d4:69:f9:7d:64:,Guest-CentraleSupelec,-66,1709567581.3409405,LC414,1,4
1369,94:d4:69:f9:7d:66:,fabrique2024,-66,1709567581.3409405,LC414,1,4
1370,94:d4:69:f9:7d:67:,stop&go,-64,1709567581.3409405,LC414,1,4
1371,94:d4:69:f9:7d:68:,stop&go,-66,1709567581.3409405,LC414,1,4
1372,94:d4:69:f9:7d:69:,fabrique2024,-64,1709567581.3409405,LC414,1,4
1373,94:d4:69:f9:7d:6b:,Guest-CentraleSupelec,-64,1709567581.3409405,LC414,1,4
1374,94:d4:69:f9:7d:6c:,CD91,-64,1709567581.3409405,LC414,1,4
1375,94:d4:69:f9:7d:6f:,eduroam,-64,1709567581.3409405,LC414,1,4
1376,94:d4:69:fa:94:43:,CD91,-78,1709567581.3409405,LC414,1,4
1377,94:d4:69:fa:94:46:,fabrique2024,-74,1709567581.3409405,LC414,1,4
1378,94:d4:69:fa:94:47:,stop&go,-80,1709567581.3409405,LC414,1,4
1379,94:d4:69:fa:94:48:,stop&go,-82,1709567581.3409405,LC414,1,4
1380,94:d4:69:fa:94:49:,fabrique2024,-81,1709567581.3409405,LC414,1,4
1381,94:d4:69:fa:94:4b:,Guest-CentraleSupelec,-80,1709567581.3409405,LC414,1,4
1382,94:d4:69:fa:94:4c:,CD91,-80,1709567581.3409405,LC414,1,4
1383,94:d4:69:fa:94:4f:,eduroam,-81,1709567581.3409405,LC414,1,4
1384,94:d4:69:fa:9a:03:,CD91,-78,1709567581.3409405,LC414,1,4
1385,94:d4:69:fa:9a:04:,Guest-CentraleSupelec,-77,1709567581.3409405,LC414,1,4
1386,94:d4:69:fa:9a:06:,fabrique2024,-76,1709567581.3409405,LC414,1,4
1387,94:d4:69:fa:9a:08:,stop&go,-78,1709567581.3409405,LC414,1,4
1388,94:d4:69:fd:b1:e0:,eduroam,-56,1709567581.3409405,LC414,1,4
1389,94:d4:69:fd:b1:e3:,CD91,-55,1709567581.3409405,LC414,1,4
1390,94:d4:69:fd:b1:e4:,Guest-CentraleSupelec,-56,1709567581.3409405,LC414,1,4
1391,94:d4:69:fd:b1:e6:,fabrique2024,-56,1709567581.3409405,LC414,1,4
1392,94:d4:69:fd:b1:e7:,stop&go,-54,1709567581.3409405,LC414,1,4
1393,94:d4:69:fd:b1:e9:,fabrique2024,-63,1709567581.3409405,LC414,1,4
1394,94:d4:69:fd:b1:eb:,Guest-CentraleSupelec,-63,1709567581.3409405,LC414,1,4
1395,94:d4:69:fd:b1:ec:,CD91,-63,1709567581.3409405,LC414,1,4
1396,94:d4:69:fd:b1:ef:,eduroam,-62,1709567581.3409405,LC414,1,4
1397,94:d4:69:fd:b2:23:,CD91,-81,1709567581.3409405,LC414,1,4
1398,94:d4:69:fd:b2:28:,stop&go,-84,1709567581.3409405,LC414,1,4
1399,70:d3:79:2e:8c:80:,eduroam,-70,1709567582.5026307,LC414,1,4
1400,70:d3:79:2e:8c:83:,CD91,-70,1709567582.5026307,LC414,1,4
1401,70:d3:79:2e:8c:84:,Guest-CentraleSupelec,-72,1709567582.5026307,LC414,1,4
1402,70:d3:79:2e:8c:86:,fabrique2024,-70,1709567582.5026307,LC414,1,4
1403,70:d3:79:2e:8c:87:,stop&go,-80,1709567582.5026307,LC414,1,4
1404,70:d3:79:2e:8c:88:,stop&go,-82,1709567582.5026307,LC414,1,4
1405,70:d3:79:2e:8c:89:,fabrique2024,-80,1709567582.5026307,LC414,1,4
1406,70:d3:79:2e:8c:8b:,Guest-CentraleSupelec,-80,1709567582.5026307,LC414,1,4
1407,70:d3:79:2e:8c:8c:,CD91,-80,1709567582.5026307,LC414,1,4
1408,70:d3:79:2e:8c:8f:,eduroam,-80,1709567582.5026307,LC414,1,4
1409,84:3d:c6:f5:f1:87:,stop&go,-84,1709567582.5026307,LC414,1,4
1410,84:3d:c6:f5:f1:89:,fabrique2024,-85,1709567582.5026307,LC414,1,4
1411,84:3d:c6:f5:f1:8b:,Guest-CentraleSupelec,-85,1709567582.5026307,LC414,1,4
1412,84:3d:c6:f5:f1:8c:,CD91,-84,1709567582.5026307,LC414,1,4
1413,84:3d:c6:f5:f1:8f:,eduroam,-84,1709567582.5026307,LC414,1,4
1414,94:d4:69:f6:e4:e0:,eduroam,-81,1709567582.5026307,LC414,1,4
1415,94:d4:69:f6:e4:e3:,CD91,-81,1709567582.5026307,LC414,1,4
1416,94:d4:69:f6:e4:e4:,Guest-CentraleSupelec,-80,1709567582.5026307,LC414,1,4
1417,94:d4:69:f6:e4:e6:,fabrique2024,-81,1709567582.5026307,LC414,1,4
1418,94:d4:69:f6:e4:e8:,stop&go,-86,1709567582.5026307,LC414,1,4
1419,94:d4:69:f6:e4:e9:,fabrique2024,-87,1709567582.5026307,LC414,1,4
1420,94:d4:69:f6:e4:eb:,Guest-CentraleSupelec,-86,1709567582.5026307,LC414,1,4
1421,94:d4:69:f6:e4:ec:,CD91,-85,1709567582.5026307,LC414,1,4
1422,94:d4:69:f6:e4:ef:,eduroam,-85,1709567582.5026307,LC414,1,4
1423,94:d4:69:f9:7d:60:,eduroam,-65,1709567582.5026307,LC414,1,4
1424,94:d4:69:f9:7d:63:,CD91,-66,1709567582.5026307,LC414,1,4
1425,94:d4:69:f9:7d:64:,Guest-CentraleSupelec,-66,1709567582.5026307,LC414,1,4
1426,94:d4:69:f9:7d:66:,fabrique2024,-66,1709567582.5026307,LC414,1,4
1427,94:d4:69:f9:7d:67:,stop&go,-64,1709567582.5026307,LC414,1,4
1428,94:d4:69:f9:7d:68:,stop&go,-66,1709567582.5026307,LC414,1,4
1429,94:d4:69:f9:7d:69:,fabrique2024,-64,1709567582.5026307,LC414,1,4
1430,94:d4:69:f9:7d:6b:,Guest-CentraleSupelec,-64,1709567582.5026307,LC414,1,4
1431,94:d4:69:f9:7d:6c:,CD91,-64,1709567582.5026307,LC414,1,4
1432,94:d4:69:f9:7d:6f:,eduroam,-64,1709567582.5026307,LC414,1,4
1433,94:d4:69:fa:94:43:,CD91,-78,1709567582.5026307,LC414,1,4
1434,94:d4:69:fa:94:46:,fabrique2024,-74,1709567582.5026307,LC414,1,4
1435,94:d4:69:fa:94:47:,stop&go,-80,1709567582.5026307,LC414,1,4
1436,94:d4:69:fa:94:48:,stop&go,-82,1709567582.5026307,LC414,1,4
1437,94:d4:69:fa:94:49:,fabrique2024,-81,1709567582.5026307,LC414,1,4
1438,94:d4:69:fa:94:4b:,Guest-CentraleSupelec,-80,1709567582.5026307,LC414,1,4
1439,94:d4:69:fa:94:4c:,CD91,-80,1709567582.5026307,LC414,1,4
1440,94:d4:69:fa:94:4f:,eduroam,-81,1709567582.5026307,LC414,1,4
1441,94:d4:69:fa:9a:03:,CD91,-78,1709567582.5026307,LC414,1,4
1442,94:d4:69:fa:9a:04:,Guest-CentraleSupelec,-77,1709567582.5026307,LC414,1,4
1443,94:d4:69:fa:9a:06:,fabrique2024,-76,1709567582.5026307,LC414,1,4
1444,94:d4:69:fa:9a:08:,stop&go,-78,1709567582.5026307,LC414,1,4
1445,94:d4:69:fd:b1:e0:,eduroam,-54,1709567582.5026307,LC414,1,4
1446,94:d4:69:fd:b1:e3:,CD91,-54,1709567582.5026307,LC414,1,4
1447,94:d4:69:fd:b1:e4:,Guest-CentraleSupelec,-54,1709567582.5026307,LC414,1,4
1448,94:d4:69:fd:b1:e6:,fabrique2024,-54,1709567582.5026307,LC414,1,4
1449,94:d4:69:fd:b1:e7:,stop&go,-54,1709567582.5026307,LC414,1,4
1450,94:d4:69:fd:b1:e8:,stop&go,-62,1709567582.5026307,LC414,1,4
1451,94:d4:69:fd:b1:e9:,fabrique2024,-62,1709567582.5026307,LC414,1,4
1452,94:d4:69:fd:b1:eb:,Guest-CentraleSupelec,-62,1709567582.5026307,LC414,1,4
1453,94:d4:69:fd:b1:ec:,CD91,-62,1709567582.5026307,LC414,1,4
1454,94:d4:69:fd:b1:ef:,eduroam,-62,1709567582.5026307,LC414,1,4
1455,94:d4:69:fd:b2:23:,CD91,-81,1709567582.5026307,LC414,1,4
1456,94:d4:69:fd:b2:28:,stop&go,-84,1709567582.5026307,LC414,1,4
1457,70:d3:79:2e:8c:80:,eduroam,-70,1709567583.6593132,LC414,1,4
1458,70:d3:79:2e:8c:83:,CD91,-70,1709567583.6593132,LC414,1,4
1459,70:d3:79:2e:8c:84:,Guest-CentraleSupelec,-72,1709567583.6593132,LC414,1,4
1460,70:d3:79:2e:8c:86:,fabrique2024,-70,1709567583.6593132,LC414,1,4
1461,70:d3:79:2e:8c:87:,stop&go,-80,1709567583.6593132,LC414,1,4
1462,70:d3:79:2e:8c:88:,stop&go,-82,1709567583.6593132,LC414,1,4
1463,70:d3:79:2e:8c:89:,fabrique2024,-80,1709567583.6593132,LC414,1,4
1464,70:d3:79:2e:8c:8b:,Guest-CentraleSupelec,-80,1709567583.6593132,LC414,1,4
1465,70:d3:79:2e:8c:8c:,CD91,-80,1709567583.6593132,LC414,1,4
1466,70:d3:79:2e:8c:8f:,eduroam,-80,1709567583.6593132,LC414,1,4
1467,84:3d:c6:f5:f1:87:,stop&go,-84,1709567583.6593132,LC414,1,4
1468,84:3d:c6:f5:f1:89:,fabrique2024,-85,1709567583.6593132,LC414,1,4
1469,84:3d:c6:f5:f1:8b:,Guest-CentraleSupelec,-85,1709567583.6593132,LC414,1,4
1470,84:3d:c6:f5:f1:8c:,CD91,-84,1709567583.6593132,LC414,1,4
1471,84:3d:c6:f5:f1:8f:,eduroam,-84,1709567583.6593132,LC414,1,4
1472,94:d4:69:f6:e4:e0:,eduroam,-81,1709567583.6593132,LC414,1,4
1473,94:d4:69:f6:e4:e3:,CD91,-81,1709567583.6593132,LC414,1,4
1474,94:d4:69:f6:e4:e4:,Guest-CentraleSupelec,-80,1709567583.6593132,LC414,1,4
1475,94:d4:69:f6:e4:e6:,fabrique2024,-81,1709567583.6593132,LC414,1,4
1476,94:d4:69:f6:e4:e8:,stop&go,-86,1709567583.6593132,LC414,1,4
1477,94:d4:69:f6:e4:e9:,fabrique2024,-87,1709567583.6593132,LC414,1,4
1478,94:d4:69:f6:e4:eb:,Guest-CentraleSupelec,-86,1709567583.6593132,LC414,1,4
1479,94:d4:69:f6:e4:ec:,CD91,-85,1709567583.6593132,LC414,1,4
1480,94:d4:69:f6:e4:ef:,eduroam,-85,1709567583.6593132,LC414,1,4
1481,94:d4:69:f9:7d:60:,eduroam,-65,1709567583.6593132,LC414,1,4
1482,94:d4:69:f9:7d:63:,CD91,-66,1709567583.6593132,LC414,1,4
1483,94:d4:69:f9:7d:64:,Guest-CentraleSupelec,-66,1709567583.6593132,LC414,1,4
1484,94:d4:69:f9:7d:66:,fabrique2024,-66,1709567583.6593132,LC414,1,4
1485,94:d4:69:f9:7d:67:,stop&go,-64,1709567583.6593132,LC414,1,4
1486,94:d4:69:f9:7d:68:,stop&go,-66,1709567583.6593132,LC414,1,4
1487,94:d4:69:f9:7d:69:,fabrique2024,-64,1709567583.6593132,LC414,1,4
1488,94:d4:69:f9:7d:6b:,Guest-CentraleSupelec,-64,1709567583.6593132,LC414,1,4
1489,94:d4:69:f9:7d:6c:,CD91,-64,1709567583.6593132,LC414,1,4
1490,94:d4:69:f9:7d:6f:,eduroam,-64,1709567583.6593132,LC414,1,4
1491,94:d4:69:fa:94:43:,CD91,-78,1709567583.6593132,LC414,1,4
1492,94:d4:69:fa:94:46:,fabrique2024,-74,1709567583.6593132,LC414,1,4
1493,94:d4:69:fa:94:47:,stop&go,-80,1709567583.6593132,LC414,1,4
1494,94:d4:69:fa:94:48:,stop&go,-82,1709567583.6593132,LC414,1,4
1495,94:d4:69:fa:94:49:,fabrique2024,-81,1709567583.6593132,LC414,1,4
1496,94:d4:69:fa:94:4b:,Guest-CentraleSupelec,-80,1709567583.6593132,LC414,1,4
1497,94:d4:69:fa:94:4c:,CD91,-80,1709567583.6593132,LC414,1,4
1498,94:d4:69:fa:94:4f:,eduroam,-81,1709567583.6593132,LC414,1,4
1499,94:d4:69:fa:9a:03:,CD91,-78,1709567583.6593132,LC414,1,4
1500,94:d4:69:fa:9a:04:,Guest-CentraleSupelec,-77,1709567583.6593132,LC414,1,4
1501,94:d4:69:fa:9a:06:,fabrique2024,-76,1709567583.6593132,LC414,1,4
1502,94:d4:69:fa:9a:08:,stop&go,-78,1709567583.6593132,LC414,1,4
1503,94:d4:69:fd:b1:e0:,eduroam,-54,1709567583.6593132,LC414,1,4
1504,94:d4:69:fd:b1:e3:,CD91,-54,1709567583.6593132,LC414,1,4
1505,94:d4:69:fd:b1:e4:,Guest-CentraleSupelec,-54,1709567583.6593132,LC414,1,4
1506,94:d4:69:fd:b1:e6:,fabrique2024,-54,1709567583.6593132,LC414,1,4
1507,94:d4:69:fd:b1:e7:,stop&go,-54,1709567583.6593132,LC414,1,4
1508,94:d4:69:fd:b1:e8:,stop&go,-62,1709567583.6593132,LC414,1,4
1509,94:d4:69:fd:b1:e9:,fabrique2024,-62,1709567583.6593132,LC414,1,4
1510,94:d4:69:fd:b1:eb:,Guest-CentraleSupelec,-62,1709567583.6593132,LC414,1,4
1511,94:d4:69:fd:b1:ec:,CD91,-62,1709567583.6593132,LC414,1,4
1512,94:d4:69:fd:b1:ef:,eduroam,-62,1709567583.6593132,LC414,1,4
1513,94:d4:69:fd:b2:23:,CD91,-81,1709567583.6593132,LC414,1,4
1514,94:d4:69:fd:b2:28:,stop&go,-84,1709567583.6593132,LC414,1,4
1515,70:d3:79:2e:8c:80:,eduroam,-74,1709567584.6696858,LC414,1,4
1516,70:d3:79:2e:8c:83:,CD91,-70,1709567584.6696858,LC414,1,4
1517,70:d3:79:2e:8c:84:,Guest-CentraleSupelec,-72,1709567584.6696858,LC414,1,4
1518,70:d3:79:2e:8c:86:,fabrique2024,-70,1709567584.6696858,LC414,1,4
1519,70:d3:79:2e:8c:87:,stop&go,-82,1709567584.6696858,LC414,1,4
1520,70:d3:79:2e:8c:88:,stop&go,-82,1709567584.6696858,LC414,1,4
1521,70:d3:79:2e:8c:89:,fabrique2024,-83,1709567584.6696858,LC414,1,4
1522,70:d3:79:2e:8c:8b:,Guest-CentraleSupelec,-80,1709567584.6696858,LC414,1,4
1523,70:d3:79:2e:8c:8c:,CD91,-83,1709567584.6696858,LC414,1,4
1524,70:d3:79:2e:8c:8f:,eduroam,-80,1709567584.6696858,LC414,1,4
1525,84:3d:c6:f5:f1:87:,stop&go,-84,1709567584.6696858,LC414,1,4
1526,84:3d:c6:f5:f1:89:,fabrique2024,-85,1709567584.6696858,LC414,1,4
1527,84:3d:c6:f5:f1:8b:,Guest-CentraleSupelec,-85,1709567584.6696858,LC414,1,4
1528,84:3d:c6:f5:f1:8c:,CD91,-84,1709567584.6696858,LC414,1,4
1529,84:3d:c6:f5:f1:8f:,eduroam,-84,1709567584.6696858,LC414,1,4
1530,94:d4:69:f6:e4:e0:,eduroam,-81,1709567584.6696858,LC414,1,4
1531,94:d4:69:f6:e4:e3:,CD91,-81,1709567584.6696858,LC414,1,4
1532,94:d4:69:f6:e4:e4:,Guest-CentraleSupelec,-80,1709567584.6696858,LC414,1,4
1533,94:d4:69:f6:e4:e6:,fabrique2024,-81,1709567584.6696858,LC414,1,4
1534,94:d4:69:f6:e4:e8:,stop&go,-86,1709567584.6696858,LC414,1,4
1535,94:d4:69:f6:e4:e9:,fabrique2024,-87,1709567584.6696858,LC414,1,4
1536,94:d4:69:f6:e4:eb:,Guest-CentraleSupelec,-86,1709567584.6696858,LC414,1,4
1537,94:d4:69:f6:e4:ec:,CD91,-85,1709567584.6696858,LC414,1,4
1538,94:d4:69:f6:e4:ef:,eduroam,-85,1709567584.6696858,LC414,1,4
1539,94:d4:69:f9:7d:60:,eduroam,-69,1709567584.6696858,LC414,1,4
1540,94:d4:69:f9:7d:63:,CD91,-69,1709567584.6696858,LC414,1,4
1541,94:d4:69:f9:7d:64:,Guest-CentraleSupelec,-68,1709567584.6696858,LC414,1,4
1542,94:d4:69:f9:7d:66:,fabrique2024,-68,1709567584.6696858,LC414,1,4
1543,94:d4:69:f9:7d:67:,stop&go,-64,1709567584.6696858,LC414,1,4
1544,94:d4:69:f9:7d:68:,stop&go,-66,1709567584.6696858,LC414,1,4
1545,94:d4:69:f9:7d:69:,fabrique2024,-64,1709567584.6696858,LC414,1,4
1546,94:d4:69:f9:7d:6b:,Guest-CentraleSupelec,-64,1709567584.6696858,LC414,1,4
1547,94:d4:69:f9:7d:6c:,CD91,-64,1709567584.6696858,LC414,1,4
1548,94:d4:69:f9:7d:6f:,eduroam,-64,1709567584.6696858,LC414,1,4
1549,94:d4:69:fa:94:43:,CD91,-78,1709567584.6696858,LC414,1,4
1550,94:d4:69:fa:94:46:,fabrique2024,-74,1709567584.6696858,LC414,1,4
1551,94:d4:69:fa:94:47:,stop&go,-81,1709567584.6696858,LC414,1,4
1552,94:d4:69:fa:94:48:,stop&go,-82,1709567584.6696858,LC414,1,4
1553,94:d4:69:fa:94:49:,fabrique2024,-82,1709567584.6696858,LC414,1,4
1554,94:d4:69:fa:94:4b:,Guest-CentraleSupelec,-80,1709567584.6696858,LC414,1,4
1555,94:d4:69:fa:94:4c:,CD91,-80,1709567584.6696858,LC414,1,4
1556,94:d4:69:fa:94:4f:,eduroam,-81,1709567584.6696858,LC414,1,4
1557,94:d4:69:fa:9a:03:,CD91,-78,1709567584.6696858,LC414,1,4
1558,94:d4:69:fa:9a:04:,Guest-CentraleSupelec,-77,1709567584.6696858,LC414,1,4
1559,94:d4:69:fa:9a:06:,fabrique2024,-76,1709567584.6696858,LC414,1,4
1560,94:d4:69:fa:9a:08:,stop&go,-78,1709567584.6696858,LC414,1,4
1561,94:d4:69:fd:b1:e0:,eduroam,-57,1709567584.6696858,LC414,1,4
1562,94:d4:69:fd:b1:e3:,CD91,-57,1709567584.6696858,LC414,1,4
1563,94:d4:69:fd:b1:e4:,Guest-CentraleSupelec,-57,1709567584.6696858,LC414,1,4
1564,94:d4:69:fd:b1:e6:,fabrique2024,-57,1709567584.6696858,LC414,1,4
1565,94:d4:69:fd:b1:e7:,stop&go,-58,1709567584.6696858,LC414,1,4
1566,94:d4:69:fd:b1:e8:,stop&go,-62,1709567584.6696858,LC414,1,4
1567,94:d4:69:fd:b1:e9:,fabrique2024,-62,1709567584.6696858,LC414,1,4
1568,94:d4:69:fd:b1:eb:,Guest-CentraleSupelec,-62,1709567584.6696858,LC414,1,4
1569,94:d4:69:fd:b1:ec:,CD91,-62,1709567584.6696858,LC414,1,4
1570,94:d4:69:fd:b1:ef:,eduroam,-62,1709567584.6696858,LC414,1,4
1571,94:d4:69:fd:b2:23:,CD91,-81,1709567584.6696858,LC414,1,4
1572,94:d4:69:fd:b2:28:,stop&go,-84,1709567584.6696858,LC414,1,4
1573,70:d3:79:2e:8c:80:,eduroam,-74,1709567585.8333547,LC414,1,4
1574,70:d3:79:2e:8c:83:,CD91,-70,1709567585.8333547,LC414,1,4
1575,70:d3:79:2e:8c:84:,Guest-CentraleSupelec,-72,1709567585.8333547,LC414,1,4
1576,70:d3:79:2e:8c:86:,fabrique2024,-70,1709567585.8333547,LC414,1,4
1577,70:d3:79:2e:8c:87:,stop&go,-82,1709567585.8333547,LC414,1,4
1578,70:d3:79:2e:8c:88:,stop&go,-82,1709567585.8333547,LC414,1,4
1579,70:d3:79:2e:8c:89:,fabrique2024,-83,1709567585.8333547,LC414,1,4
1580,70:d3:79:2e:8c:8b:,Guest-CentraleSupelec,-80,1709567585.8333547,LC414,1,4
1581,70:d3:79:2e:8c:8c:,CD91,-83,1709567585.8333547,LC414,1,4
1582,70:d3:79:2e:8c:8f:,eduroam,-80,1709567585.8333547,LC414,1,4
1583,84:3d:c6:f5:f1:87:,stop&go,-84,1709567585.8333547,LC414,1,4
1584,84:3d:c6:f5:f1:89:,fabrique2024,-85,1709567585.8333547,LC414,1,4
1585,84:3d:c6:f5:f1:8b:,Guest-CentraleSupelec,-85,1709567585.8333547,LC414,1,4
1586,84:3d:c6:f5:f1:8c:,CD91,-84,1709567585.8333547,LC414,1,4
1587,84:3d:c6:f5:f1:8f:,eduroam,-84,1709567585.8333547,LC414,1,4
1588,94:d4:69:f6:e4:e0:,eduroam,-81,1709567585.8333547,LC414,1,4
1589,94:d4:69:f6:e4:e3:,CD91,-81,1709567585.8333547,LC414,1,4
1590,94:d4:69:f6:e4:e4:,Guest-CentraleSupelec,-80,1709567585.8333547,LC414,1,4
1591,94:d4:69:f6:e4:e6:,fabrique2024,-81,1709567585.8333547,LC414,1,4
1592,94:d4:69:f6:e4:e8:,stop&go,-86,1709567585.8333547,LC414,1,4
1593,94:d4:69:f6:e4:e9:,fabrique2024,-87,1709567585.8333547,LC414,1,4
1594,94:d4:69:f6:e4:eb:,Guest-CentraleSupelec,-86,1709567585.8333547,LC414,1,4
1595,94:d4:69:f6:e4:ec:,CD91,-85,1709567585.8333547,LC414,1,4
1596,94:d4:69:f6:e4:ef:,eduroam,-85,1709567585.8333547,LC414,1,4
1597,94:d4:69:f9:7d:60:,eduroam,-69,1709567585.8333547,LC414,1,4
1598,94:d4:69:f9:7d:63:,CD91,-69,1709567585.8333547,LC414,1,4
1599,94:d4:69:f9:7d:64:,Guest-CentraleSupelec,-68,1709567585.8333547,LC414,1,4
1600,94:d4:69:f9:7d:66:,fabrique2024,-68,1709567585.8333547,LC414,1,4
1601,94:d4:69:f9:7d:67:,stop&go,-64,1709567585.8333547,LC414,1,4
1602,94:d4:69:f9:7d:68:,stop&go,-66,1709567585.8333547,LC414,1,4
1603,94:d4:69:f9:7d:69:,fabrique2024,-64,1709567585.8333547,LC414,1,4
1604,94:d4:69:f9:7d:6b:,Guest-CentraleSupelec,-64,1709567585.8333547,LC414,1,4
1605,94:d4:69:f9:7d:6c:,CD91,-64,1709567585.8333547,LC414,1,4
1606,94:d4:69:f9:7d:6f:,eduroam,-64,1709567585.8333547,LC414,1,4
1607,94:d4:69:fa:94:43:,CD91,-78,1709567585.8333547,LC414,1,4
1608,94:d4:69:fa:94:46:,fabrique2024,-74,1709567585.8333547,LC414,1,4
1609,94:d4:69:fa:94:47:,stop&go,-81,1709567585.8333547,LC414,1,4
1610,94:d4:69:fa:94:48:,stop&go,-82,1709567585.8333547,LC414,1,4
1611,94:d4:69:fa:94:49:,fabrique2024,-82,1709567585.8333547,LC414,1,4
1612,94:d4:69:fa:94:4b:,Guest-CentraleSupelec,-80,1709567585.8333547,LC414,1,4
1613,94:d4:69:fa:94:4c:,CD91,-80,1709567585.8333547,LC414,1,4
1614,94:d4:69:fa:94:4f:,eduroam,-81,1709567585.8333547,LC414,1,4
1615,94:d4:69:fa:9a:03:,CD91,-78,1709567585.8333547,LC414,1,4
1616,94:d4:69:fa:9a:04:,Guest-CentraleSupelec,-77,1709567585.8333547,LC414,1,4
1617,94:d4:69:fa:9a:06:,fabrique2024,-76,1709567585.8333547,LC414,1,4
1618,94:d4:69:fa:9a:08:,stop&go,-78,1709567585.8333547,LC414,1,4
1619,94:d4:69:fd:b1:e0:,eduroam,-57,1709567585.8333547,LC414,1,4
1620,94:d4:69:fd:b1:e3:,CD91,-57,1709567585.8333547,LC414,1,4
1621,94:d4:69:fd:b1:e4:,Guest-CentraleSupelec,-57,1709567585.8333547,LC414,1,4
1622,94:d4:69:fd:b1:e6:,fabrique2024,-57,1709567585.8333547,LC414,1,4
1623,94:d4:69:fd:b1:e7:,stop&go,-58,1709567585.8333547,LC414,1,4
1624,94:d4:69:fd:b1:e8:,stop&go,-62,1709567585.8333547,LC414,1,4
1625,94:d4:69:fd:b1:e9:,fabrique2024,-62,1709567585.8333547,LC414,1,4
1626,94:d4:69:fd:b1:eb:,Guest-CentraleSupelec,-62,1709567585.8333547,LC414,1,4
1627,94:d4:69:fd:b1:ec:,CD91,-62,1709567585.8333547,LC414,1,4
1628,94:d4:69:fd:b1:ef:,eduroam,-62,1709567585.8333547,LC414,1,4
1629,94:d4:69:fd:b2:23:,CD91,-81,1709567585.8333547,LC414,1,4
1630,94:d4:69:fd:b2:28:,stop&go,-84,1709567585.8333547,LC414,1,4
1631,70:d3:79:2e:8c:80:,eduroam,-74,1709567586.8821704,LC414,1,4
1632,70:d3:79:2e:8c:83:,CD91,-70,1709567586.8821704,LC414,1,4
1633,70:d3:79:2e:8c:84:,Guest-CentraleSupelec,-72,1709567586.8821704,LC414,1,4
1634,70:d3:79:2e:8c:86:,fabrique2024,-70,1709567586.8821704,LC414,1,4
1635,70:d3:79:2e:8c:87:,stop&go,-82,1709567586.8821704,LC414,1,4
1636,70:d3:79:2e:8c:88:,stop&go,-82,1709567586.8821704,LC414,1,4
1637,70:d3:79:2e:8c:89:,fabrique2024,-83,1709567586.8821704,LC414,1,4
1638,70:d3:79:2e:8c:8b:,Guest-CentraleSupelec,-80,1709567586.8821704,LC414,1,4
1639,70:d3:79:2e:8c:8c:,CD91,-83,1709567586.8821704,LC414,1,4
1640,70:d3:79:2e:8c:8f:,eduroam,-80,1709567586.8821704,LC414,1,4
1641,84:3d:c6:f5:f1:87:,stop&go,-84,1709567586.8821704,LC414,1,4
1642,84:3d:c6:f5:f1:89:,fabrique2024,-85,1709567586.8821704,LC414,1,4
1643,84:3d:c6:f5:f1:8b:,Guest-CentraleSupelec,-85,1709567586.8821704,LC414,1,4
1644,84:3d:c6:f5:f1:8c:,CD91,-84,1709567586.8821704,LC414,1,4
1645,84:3d:c6:f5:f1:8f:,eduroam,-84,1709567586.8821704,LC414,1,4
1646,94:d4:69:f6:e4:e0:,eduroam,-81,1709567586.8821704,LC414,1,4
1647,94:d4:69:f6:e4:e3:,CD91,-81,1709567586.8821704,LC414,1,4
1648,94:d4:69:f6:e4:e4:,Guest-CentraleSupelec,-80,1709567586.8821704,LC414,1,4
1649,94:d4:69:f6:e4:e6:,fabrique2024,-81,1709567586.8821704,LC414,1,4
1650,94:d4:69:f6:e4:e8:,stop&go,-86,1709567586.8821704,LC414,1,4
1651,94:d4:69:f6:e4:e9:,fabrique2024,-87,1709567586.8821704,LC414,1,4
1652,94:d4:69:f6:e4:eb:,Guest-CentraleSupelec,-86,1709567586.8821704,LC414,1,4
1653,94:d4:69:f6:e4:ec:,CD91,-85,1709567586.8821704,LC414,1,4
1654,94:d4:69:f6:e4:ef:,eduroam,-85,1709567586.8821704,LC414,1,4
1655,94:d4:69:f9:7d:60:,eduroam,-69,1709567586.8821704,LC414,1,4
1656,94:d4:69:f9:7d:63:,CD91,-69,1709567586.8821704,LC414,1,4
1657,94:d4:69:f9:7d:64:,Guest-CentraleSupelec,-68,1709567586.8821704,LC414,1,4
1658,94:d4:69:f9:7d:66:,fabrique2024,-68,1709567586.8821704,LC414,1,4
1659,94:d4:69:f9:7d:67:,stop&go,-64,1709567586.8821704,LC414,1,4
1660,94:d4:69:f9:7d:68:,stop&go,-66,1709567586.8821704,LC414,1,4
1661,94:d4:69:f9:7d:69:,fabrique2024,-64,1709567586.8821704,LC414,1,4
1662,94:d4:69:f9:7d:6b:,Guest-CentraleSupelec,-64,1709567586.8821704,LC414,1,4
1663,94:d4:69:f9:7d:6c:,CD91,-64,1709567586.8821704,LC414,1,4
1664,94:d4:69:f9:7d:6f:,eduroam,-64,1709567586.8821704,LC414,1,4
1665,94:d4:69:fa:94:43:,CD91,-78,1709567586.8821704,LC414,1,4
1666,94:d4:69:fa:94:46:,fabrique2024,-74,1709567586.8821704,LC414,1,4
1667,94:d4:69:fa:94:47:,stop&go,-81,1709567586.8821704,LC414,1,4
1668,94:d4:69:fa:94:48:,stop&go,-82,1709567586.8821704,LC414,1,4
1669,94:d4:69:fa:94:49:,fabrique2024,-82,1709567586.8821704,LC414,1,4
1670,94:d4:69:fa:94:4b:,Guest-CentraleSupelec,-80,1709567586.8821704,LC414,1,4
1671,94:d4:69:fa:94:4c:,CD91,-80,1709567586.8821704,LC414,1,4
1672,94:d4:69:fa:94:4f:,eduroam,-81,1709567586.8821704,LC414,1,4
1673,94:d4:69:fa:9a:03:,CD91,-78,1709567586.8821704,LC414,1,4
1674,94:d4:69:fa:9a:04:,Guest-CentraleSupelec,-77,1709567586.8821704,LC414,1,4
1675,94:d4:69:fa:9a:06:,fabrique2024,-76,1709567586.8821704,LC414,1,4
1676,94:d4:69:fa:9a:08:,stop&go,-78,1709567586.8821704,LC414,1,4
1677,94:d4:69:fd:b1:e0:,eduroam,-57,1709567586.8821704,LC414,1,4
1678,94:d4:69:fd:b1:e3:,CD91,-57,1709567586.8821704,LC414,1,4
1679,94:d4:69:fd:b1:e4:,Guest-CentraleSupelec,-57,1709567586.8821704,LC414,1,4
1680,94:d4:69:fd:b1:e6:,fabrique2024,-57,1709567586.8821704,LC414,1,4
1681,94:d4:69:fd:b1:e7:,stop&go,-58,1709567586.8821704,LC414,1,4
1682,94:d4:69:fd:b1:e8:,stop&go,-62,1709567586.8821704,LC414,1,4
1683,94:d4:69:fd:b1:e9:,fabrique2024,-62,1709567586.8821704,LC414,1,4
1684,94:d4:69:fd:b1:eb:,Guest-CentraleSupelec,-62,1709567586.8821704,LC414,1,4
1685,94:d4:69:fd:b1:ec:,CD91,-62,1709567586.8821704,LC414,1,4
1686,94:d4:69:fd:b1:ef:,eduroam,-62,1709567586.8821704,LC414,1,4
1687,94:d4:69:fd:b2:23:,CD91,-81,1709567586.8821704,LC414,1,4
1688,94:d4:69:fd:b2:28:,stop&go,-84,1709567586.8821704,LC414,1,4
1689,70:d3:79:2e:8c:80:,eduroam,-74,1709567587.9087763,LC414,1,4
1690,70:d3:79:2e:8c:83:,CD91,-70,1709567587.9087763,LC414,1,4
1691,70:d3:79:2e:8c:84:,Guest-CentraleSupelec,-72,1709567587.9087763,LC414,1,4
1692,70:d3:79:2e:8c:86:,fabrique2024,-70,1709567587.9087763,LC414,1,4
1693,70:d3:79:2e:8c:87:,stop&go,-80,1709567587.9087763,LC414,1,4
1694,70:d3:79:2e:8c:88:,stop&go,-82,1709567587.9087763,LC414,1,4
1695,70:d3:79:2e:8c:89:,fabrique2024,-80,1709567587.9087763,LC414,1,4
1696,70:d3:79:2e:8c:8b:,Guest-CentraleSupelec,-80,1709567587.9087763,LC414,1,4
1697,70:d3:79:2e:8c:8c:,CD91,-81,1709567587.9087763,LC414,1,4
1698,70:d3:79:2e:8c:8f:,eduroam,-81,1709567587.9087763,LC414,1,4
1699,84:3d:c6:f5:f1:87:,stop&go,-84,1709567587.9087763,LC414,1,4
1700,84:3d:c6:f5:f1:89:,fabrique2024,-85,1709567587.9087763,LC414,1,4
1701,84:3d:c6:f5:f1:8b:,Guest-CentraleSupelec,-85,1709567587.9087763,LC414,1,4
1702,84:3d:c6:f5:f1:8c:,CD91,-84,1709567587.9087763,LC414,1,4
1703,84:3d:c6:f5:f1:8f:,eduroam,-84,1709567587.9087763,LC414,1,4
1704,94:d4:69:f6:e4:e0:,eduroam,-81,1709567587.9087763,LC414,1,4
1705,94:d4:69:f6:e4:e3:,CD91,-81,1709567587.9087763,LC414,1,4
1706,94:d4:69:f6:e4:e4:,Guest-CentraleSupelec,-80,1709567587.9087763,LC414,1,4
1707,94:d4:69:f6:e4:e6:,fabrique2024,-81,1709567587.9087763,LC414,1,4
1708,94:d4:69:f6:e4:e8:,stop&go,-86,1709567587.9087763,LC414,1,4
1709,94:d4:69:f6:e4:e9:,fabrique2024,-87,1709567587.9087763,LC414,1,4
1710,94:d4:69:f6:e4:eb:,Guest-CentraleSupelec,-86,1709567587.9087763,LC414,1,4
1711,94:d4:69:f6:e4:ec:,CD91,-85,1709567587.9087763,LC414,1,4
1712,94:d4:69:f6:e4:ef:,eduroam,-85,1709567587.9087763,LC414,1,4
1713,94:d4:69:f9:7d:60:,eduroam,-66,1709567587.9087763,LC414,1,4
1714,94:d4:69:f9:7d:63:,CD91,-66,1709567587.9087763,LC414,1,4
1715,94:d4:69:f9:7d:64:,Guest-CentraleSupelec,-66,1709567587.9087763,LC414,1,4
1716,94:d4:69:f9:7d:66:,fabrique2024,-66,1709567587.9087763,LC414,1,4
1717,94:d4:69:f9:7d:67:,stop&go,-65,1709567587.9087763,LC414,1,4
1718,94:d4:69:f9:7d:68:,stop&go,-66,1709567587.9087763,LC414,1,4
1719,94:d4:69:f9:7d:69:,fabrique2024,-65,1709567587.9087763,LC414,1,4
1720,94:d4:69:f9:7d:6b:,Guest-CentraleSupelec,-65,1709567587.9087763,LC414,1,4
1721,94:d4:69:f9:7d:6c:,CD91,-65,1709567587.9087763,LC414,1,4
1722,94:d4:69:f9:7d:6f:,eduroam,-65,1709567587.9087763,LC414,1,4
1723,94:d4:69:fa:94:43:,CD91,-78,1709567587.9087763,LC414,1,4
1724,94:d4:69:fa:94:46:,fabrique2024,-74,1709567587.9087763,LC414,1,4
1725,94:d4:69:fa:94:47:,stop&go,-81,1709567587.9087763,LC414,1,4
1726,94:d4:69:fa:94:48:,stop&go,-82,1709567587.9087763,LC414,1,4
1727,94:d4:69:fa:94:49:,fabrique2024,-82,1709567587.9087763,LC414,1,4
1728,94:d4:69:fa:94:4b:,Guest-CentraleSupelec,-80,1709567587.9087763,LC414,1,4
1729,94:d4:69:fa:94:4c:,CD91,-80,1709567587.9087763,LC414,1,4
1730,94:d4:69:fa:94:4f:,eduroam,-81,1709567587.9087763,LC414,1,4
1731,94:d4:69:fa:9a:03:,CD91,-78,1709567587.9087763,LC414,1,4
1732,94:d4:69:fa:9a:04:,Guest-CentraleSupelec,-77,1709567587.9087763,LC414,1,4
1733,94:d4:69:fa:9a:06:,fabrique2024,-76,1709567587.9087763,LC414,1,4
1734,94:d4:69:fa:9a:08:,stop&go,-78,1709567587.9087763,LC414,1,4
1735,94:d4:69:fd:b1:e0:,eduroam,-54,1709567587.9087763,LC414,1,4
1736,94:d4:69:fd:b1:e3:,CD91,-55,1709567587.9087763,LC414,1,4
1737,94:d4:69:fd:b1:e4:,Guest-CentraleSupelec,-54,1709567587.9087763,LC414,1,4
1738,94:d4:69:fd:b1:e6:,fabrique2024,-54,1709567587.9087763,LC414,1,4
1739,94:d4:69:fd:b1:e7:,stop&go,-58,1709567587.9087763,LC414,1,4
1740,94:d4:69:fd:b1:e8:,stop&go,-62,1709567587.9087763,LC414,1,4
1741,94:d4:69:fd:b1:e9:,fabrique2024,-62,1709567587.9087763,LC414,1,4
1742,94:d4:69:fd:b1:eb:,Guest-CentraleSupelec,-62,1709567587.9087763,LC414,1,4
1743,94:d4:69:fd:b1:ec:,CD91,-62,1709567587.9087763,LC414,1,4
1744,94:d4:69:fd:b1:ef:,eduroam,-62,1709567587.9087763,LC414,1,4
1745,94:d4:69:fd:b2:23:,CD91,-81,1709567587.9087763,LC414,1,4
1746,94:d4:69:fd:b2:28:,stop&go,-84,1709567587.9087763,LC414,1,4
1747,70:d3:79:2e:8c:80:,eduroam,-74,1709567589.0705628,LC414,1,4
1748,70:d3:79:2e:8c:83:,CD91,-70,1709567589.0705628,LC414,1,4
1749,70:d3:79:2e:8c:84:,Guest-CentraleSupelec,-72,1709567589.0705628,LC414,1,4
1750,70:d3:79:2e:8c:86:,fabrique2024,-70,1709567589.0705628,LC414,1,4
1751,70:d3:79:2e:8c:87:,stop&go,-80,1709567589.0705628,LC414,1,4
1752,70:d3:79:2e:8c:88:,stop&go,-82,1709567589.0705628,LC414,1,4
1753,70:d3:79:2e:8c:89:,fabrique2024,-80,1709567589.0705628,LC414,1,4
1754,70:d3:79:2e:8c:8b:,Guest-CentraleSupelec,-80,1709567589.0705628,LC414,1,4
1755,70:d3:79:2e:8c:8c:,CD91,-81,1709567589.0705628,LC414,1,4
1756,70:d3:79:2e:8c:8f:,eduroam,-81,1709567589.0705628,LC414,1,4
1757,84:3d:c6:f5:f1:87:,stop&go,-84,1709567589.0705628,LC414,1,4
1758,84:3d:c6:f5:f1:89:,fabrique2024,-85,1709567589.0705628,LC414,1,4
1759,84:3d:c6:f5:f1:8b:,Guest-CentraleSupelec,-85,1709567589.0705628,LC414,1,4
1760,84:3d:c6:f5:f1:8c:,CD91,-84,1709567589.0705628,LC414,1,4
1761,84:3d:c6:f5:f1:8f:,eduroam,-84,1709567589.0705628,LC414,1,4
1762,94:d4:69:f6:e4:e0:,eduroam,-81,1709567589.0705628,LC414,1,4
1763,94:d4:69:f6:e4:e3:,CD91,-81,1709567589.0705628,LC414,1,4
1764,94:d4:69:f6:e4:e4:,Guest-CentraleSupelec,-80,1709567589.0705628,LC414,1,4
1765,94:d4:69:f6:e4:e6:,fabrique2024,-81,1709567589.0705628,LC414,1,4
1766,94:d4:69:f6:e4:e8:,stop&go,-86,1709567589.0705628,LC414,1,4
1767,94:d4:69:f6:e4:e9:,fabrique2024,-87,1709567589.0705628,LC414,1,4
1768,94:d4:69:f6:e4:eb:,Guest-CentraleSupelec,-86,1709567589.0705628,LC414,1,4
1769,94:d4:69:f6:e4:ec:,CD91,-85,1709567589.0705628,LC414,1,4
1770,94:d4:69:f6:e4:ef:,eduroam,-85,1709567589.0705628,LC414,1,4
1771,94:d4:69:f9:7d:60:,eduroam,-66,1709567589.0705628,LC414,1,4
1772,94:d4:69:f9:7d:63:,CD91,-66,1709567589.0705628,LC414,1,4
1773,94:d4:69:f9:7d:64:,Guest-CentraleSupelec,-66,1709567589.0705628,LC414,1,4
1774,94:d4:69:f9:7d:66:,fabrique2024,-66,1709567589.0705628,LC414,1,4
1775,94:d4:69:f9:7d:67:,stop&go,-65,1709567589.0705628,LC414,1,4
1776,94:d4:69:f9:7d:68:,stop&go,-66,1709567589.0705628,LC414,1,4
1777,94:d4:69:f9:7d:69:,fabrique2024,-65,1709567589.0705628,LC414,1,4
1778,94:d4:69:f9:7d:6b:,Guest-CentraleSupelec,-65,1709567589.0705628,LC414,1,4
1779,94:d4:69:f9:7d:6c:,CD91,-65,1709567589.0705628,LC414,1,4
1780,94:d4:69:f9:7d:6f:,eduroam,-65,1709567589.0705628,LC414,1,4
1781,94:d4:69:fa:94:43:,CD91,-78,1709567589.0705628,LC414,1,4
1782,94:d4:69:fa:94:46:,fabrique2024,-74,1709567589.0705628,LC414,1,4
1783,94:d4:69:fa:94:47:,stop&go,-81,1709567589.0705628,LC414,1,4
1784,94:d4:69:fa:94:48:,stop&go,-82,1709567589.0705628,LC414,1,4
1785,94:d4:69:fa:94:49:,fabrique2024,-82,1709567589.0705628,LC414,1,4
1786,94:d4:69:fa:94:4b:,Guest-CentraleSupelec,-80,1709567589.0705628,LC414,1,4
1787,94:d4:69:fa:94:4c:,CD91,-80,1709567589.0705628,LC414,1,4
1788,94:d4:69:fa:94:4f:,eduroam,-81,1709567589.0705628,LC414,1,4
1789,94:d4:69:fa:9a:03:,CD91,-78,1709567589.0705628,LC414,1,4
1790,94:d4:69:fa:9a:04:,Guest-CentraleSupelec,-77,1709567589.0705628,LC414,1,4
1791,94:d4:69:fa:9a:06:,fabrique2024,-76,1709567589.0705628,LC414,1,4
1792,94:d4:69:fa:9a:08:,stop&go,-78,1709567589.0705628,LC414,1,4
1793,94:d4:69:fd:b1:e0:,eduroam,-54,1709567589.0705628,LC414,1,4
1794,94:d4:69:fd:b1:e3:,CD91,-55,1709567589.0705628,LC414,1,4
1795,94:d4:69:fd:b1:e4:,Guest-CentraleSupelec,-54,1709567589.0705628,LC414,1,4
1796,94:d4:69:fd:b1:e6:,fabrique2024,-54,1709567589.0705628,LC414,1,4
1797,94:d4:69:fd:b1:e7:,stop&go,-58,1709567589.0705628,LC414,1,4
1798,94:d4:69:fd:b1:e8:,stop&go,-62,1709567589.0705628,LC414,1,4
1799,94:d4:69:fd:b1:e9:,fabrique2024,-62,1709567589.0705628,LC414,1,4
1800,94:d4:69:fd:b1:eb:,Guest-CentraleSupelec,-62,1709567589.0705628,LC414,1,4
1801,94:d4:69:fd:b1:ec:,CD91,-62,1709567589.0705628,LC414,1,4
1802,94:d4:69:fd:b1:ef:,eduroam,-62,1709567589.0705628,LC414,1,4
1803,94:d4:69:fd:b2:23:,CD91,-81,1709567589.0705628,LC414,1,4
1804,94:d4:69:fd:b2:28:,stop&go,-84,1709567589.0705628,LC414,1,4
1805,70:d3:79:2e:8c:80:,eduroam,-74,1709567590.1138048,LC414,1,4
1806,70:d3:79:2e:8c:83:,CD91,-70,1709567590.1138048,LC414,1,4
1807,70:d3:79:2e:8c:84:,Guest-CentraleSupelec,-72,1709567590.1138048,LC414,1,4
1808,70:d3:79:2e:8c:86:,fabrique2024,-70,1709567590.1138048,LC414,1,4
1809,70:d3:79:2e:8c:87:,stop&go,-80,1709567590.1138048,LC414,1,4
1810,70:d3:79:2e:8c:88:,stop&go,-82,1709567590.1138048,LC414,1,4
1811,70:d3:79:2e:8c:89:,fabrique2024,-80,1709567590.1138048,LC414,1,4
1812,70:d3:79:2e:8c:8b:,Guest-CentraleSupelec,-80,1709567590.1138048,LC414,1,4
1813,70:d3:79:2e:8c:8c:,CD91,-81,1709567590.1138048,LC414,1,4
1814,70:d3:79:2e:8c:8f:,eduroam,-81,1709567590.1138048,LC414,1,4
1815,84:3d:c6:f5:f1:87:,stop&go,-84,1709567590.1138048,LC414,1,4
1816,84:3d:c6:f5:f1:89:,fabrique2024,-85,1709567590.1138048,LC414,1,4
1817,84:3d:c6:f5:f1:8b:,Guest-CentraleSupelec,-85,1709567590.1138048,LC414,1,4
1818,84:3d:c6:f5:f1:8c:,CD91,-84,1709567590.1138048,LC414,1,4
1819,84:3d:c6:f5:f1:8f:,eduroam,-84,1709567590.1138048,LC414,1,4
1820,94:d4:69:f6:e4:e0:,eduroam,-81,1709567590.1138048,LC414,1,4
1821,94:d4:69:f6:e4:e3:,CD91,-81,1709567590.1138048,LC414,1,4
1822,94:d4:69:f6:e4:e4:,Guest-CentraleSupelec,-80,1709567590.1138048,LC414,1,4
1823,94:d4:69:f6:e4:e6:,fabrique2024,-81,1709567590.1138048,LC414,1,4
1824,94:d4:69:f6:e4:e8:,stop&go,-86,1709567590.1138048,LC414,1,4
1825,94:d4:69:f6:e4:e9:,fabrique2024,-87,1709567590.1138048,LC414,1,4
1826,94:d4:69:f6:e4:eb:,Guest-CentraleSupelec,-86,1709567590.1138048,LC414,1,4
1827,94:d4:69:f6:e4:ec:,CD91,-85,1709567590.1138048,LC414,1,4
1828,94:d4:69:f6:e4:ef:,eduroam,-85,1709567590.1138048,LC414,1,4
1829,94:d4:69:f9:7d:60:,eduroam,-66,1709567590.1138048,LC414,1,4
1830,94:d4:69:f9:7d:63:,CD91,-66,1709567590.1138048,LC414,1,4
1831,94:d4:69:f9:7d:64:,Guest-CentraleSupelec,-66,1709567590.1138048,LC414,1,4
1832,94:d4:69:f9:7d:66:,fabrique2024,-66,1709567590.1138048,LC414,1,4
1833,94:d4:69:f9:7d:67:,stop&go,-65,1709567590.1138048,LC414,1,4
1834,94:d4:69:f9:7d:68:,stop&go,-66,1709567590.1138048,LC414,1,4
1835,94:d4:69:f9:7d:69:,fabrique2024,-65,1709567590.1138048,LC414,1,4
1836,94:d4:69:f9:7d:6b:,Guest-CentraleSupelec,-65,1709567590.1138048,LC414,1,4
1837,94:d4:69:f9:7d:6c:,CD91,-65,1709567590.1138048,LC414,1,4
1838,94:d4:69:f9:7d:6f:,eduroam,-65,1709567590.1138048,LC414,1,4
1839,94:d4:69:fa:94:43:,CD91,-78,1709567590.1138048,LC414,1,4
1840,94:d4:69:fa:94:46:,fabrique2024,-74,1709567590.1138048,LC414,1,4
1841,94:d4:69:fa:94:47:,stop&go,-81,1709567590.1138048,LC414,1,4
1842,94:d4:69:fa:94:48:,stop&go,-82,1709567590.1138048,LC414,1,4
1843,94:d4:69:fa:94:49:,fabrique2024,-82,1709567590.1138048,LC414,1,4
1844,94:d4:69:fa:94:4b:,Guest-CentraleSupelec,-80,1709567590.1138048,LC414,1,4
1845,94:d4:69:fa:94:4c:,CD91,-80,1709567590.1138048,LC414,1,4
1846,94:d4:69:fa:94:4f:,eduroam,-81,1709567590.1138048,LC414,1,4
1847,94:d4:69:fa:9a:03:,CD91,-78,1709567590.1138048,LC414,1,4
1848,94:d4:69:fa:9a:04:,Guest-CentraleSupelec,-77,1709567590.1138048,LC414,1,4
1849,94:d4:69:fa:9a:06:,fabrique2024,-76,1709567590.1138048,LC414,1,4
1850,94:d4:69:fa:9a:08:,stop&go,-78,1709567590.1138048,LC414,1,4
1851,94:d4:69:fd:b1:e0:,eduroam,-54,1709567590.1138048,LC414,1,4
1852,94:d4:69:fd:b1:e3:,CD91,-55,1709567590.1138048,LC414,1,4
1853,94:d4:69:fd:b1:e4:,Guest-CentraleSupelec,-54,1709567590.1138048,LC414,1,4
1854,94:d4:69:fd:b1:e6:,fabrique2024,-54,1709567590.1138048,LC414,1,4
1855,94:d4:69:fd:b1:e7:,stop&go,-58,1709567590.1138048,LC414,1,4
1856,94:d4:69:fd:b1:e8:,stop&go,-62,1709567590.1138048,LC414,1,4
1857,94:d4:69:fd:b1:e9:,fabrique2024,-62,1709567590.1138048,LC414,1,4
1858,94:d4:69:fd:b1:eb:,Guest-CentraleSupelec,-62,1709567590.1138048,LC414,1,4
1859,94:d4:69:fd:b1:ec:,CD91,-62,1709567590.1138048,LC414,1,4
1860,94:d4:69:fd:b1:ef:,eduroam,-62,1709567590.1138048,LC414,1,4
1861,94:d4:69:fd:b2:23:,CD91,-81,1709567590.1138048,LC414,1,4
1862,94:d4:69:fd:b2:28:,stop&go,-84,1709567590.1138048,LC414,1,4
1863,70:d3:79:2e:8c:80:,eduroam,-74,1709567591.1593285,LC414,1,4
1864,70:d3:79:2e:8c:83:,CD91,-70,1709567591.1593285,LC414,1,4
1865,70:d3:79:2e:8c:84:,Guest-CentraleSupelec,-72,1709567591.1593285,LC414,1,4
1866,70:d3:79:2e:8c:86:,fabrique2024,-70,1709567591.1593285,LC414,1,4
1867,70:d3:79:2e:8c:87:,stop&go,-82,1709567591.1593285,LC414,1,4
1868,70:d3:79:2e:8c:88:,stop&go,-82,1709567591.1593285,LC414,1,4
1869,70:d3:79:2e:8c:89:,fabrique2024,-82,1709567591.1593285,LC414,1,4
1870,70:d3:79:2e:8c:8b:,Guest-CentraleSupelec,-82,1709567591.1593285,LC414,1,4
1871,70:d3:79:2e:8c:8c:,CD91,-83,1709567591.1593285,LC414,1,4
1872,70:d3:79:2e:8c:8f:,eduroam,-83,1709567591.1593285,LC414,1,4
1873,84:3d:c6:f5:f1:87:,stop&go,-84,1709567591.1593285,LC414,1,4
1874,84:3d:c6:f5:f1:89:,fabrique2024,-85,1709567591.1593285,LC414,1,4
1875,84:3d:c6:f5:f1:8b:,Guest-CentraleSupelec,-85,1709567591.1593285,LC414,1,4
1876,84:3d:c6:f5:f1:8c:,CD91,-84,1709567591.1593285,LC414,1,4
1877,84:3d:c6:f5:f1:8f:,eduroam,-84,1709567591.1593285,LC414,1,4
1878,94:d4:69:f6:e4:e0:,eduroam,-81,1709567591.1593285,LC414,1,4
1879,94:d4:69:f6:e4:e3:,CD91,-81,1709567591.1593285,LC414,1,4
1880,94:d4:69:f6:e4:e4:,Guest-CentraleSupelec,-80,1709567591.1593285,LC414,1,4
1881,94:d4:69:f6:e4:e6:,fabrique2024,-81,1709567591.1593285,LC414,1,4
1882,94:d4:69:f6:e4:e8:,stop&go,-86,1709567591.1593285,LC414,1,4
1883,94:d4:69:f6:e4:e9:,fabrique2024,-87,1709567591.1593285,LC414,1,4
1884,94:d4:69:f6:e4:eb:,Guest-CentraleSupelec,-86,1709567591.1593285,LC414,1,4
1885,94:d4:69:f6:e4:ec:,CD91,-85,1709567591.1593285,LC414,1,4
1886,94:d4:69:f6:e4:ef:,eduroam,-85,1709567591.1593285,LC414,1,4
1887,94:d4:69:f9:7d:60:,eduroam,-66,1709567591.1593285,LC414,1,4
1888,94:d4:69:f9:7d:63:,CD91,-67,1709567591.1593285,LC414,1,4
1889,94:d4:69:f9:7d:64:,Guest-CentraleSupelec,-68,1709567591.1593285,LC414,1,4
1890,94:d4:69:f9:7d:66:,fabrique2024,-67,1709567591.1593285,LC414,1,4
1891,94:d4:69:f9:7d:67:,stop&go,-64,1709567591.1593285,LC414,1,4
1892,94:d4:69:f9:7d:68:,stop&go,-67,1709567591.1593285,LC414,1,4
1893,94:d4:69:f9:7d:69:,fabrique2024,-64,1709567591.1593285,LC414,1,4
1894,94:d4:69:f9:7d:6b:,Guest-CentraleSupelec,-64,1709567591.1593285,LC414,1,4
1895,94:d4:69:f9:7d:6c:,CD91,-64,1709567591.1593285,LC414,1,4
1896,94:d4:69:f9:7d:6f:,eduroam,-64,1709567591.1593285,LC414,1,4
1897,94:d4:69:fa:94:43:,CD91,-78,1709567591.1593285,LC414,1,4
1898,94:d4:69:fa:94:46:,fabrique2024,-74,1709567591.1593285,LC414,1,4
1899,94:d4:69:fa:94:47:,stop&go,-81,1709567591.1593285,LC414,1,4
1900,94:d4:69:fa:94:48:,stop&go,-82,1709567591.1593285,LC414,1,4
1901,94:d4:69:fa:94:49:,fabrique2024,-82,1709567591.1593285,LC414,1,4
1902,94:d4:69:fa:94:4b:,Guest-CentraleSupelec,-81,1709567591.1593285,LC414,1,4
1903,94:d4:69:fa:94:4c:,CD91,-80,1709567591.1593285,LC414,1,4
1904,94:d4:69:fa:94:4f:,eduroam,-81,1709567591.1593285,LC414,1,4
1905,94:d4:69:fa:9a:03:,CD91,-78,1709567591.1593285,LC414,1,4
1906,94:d4:69:fa:9a:04:,Guest-CentraleSupelec,-77,1709567591.1593285,LC414,1,4
1907,94:d4:69:fa:9a:06:,fabrique2024,-76,1709567591.1593285,LC414,1,4
1908,94:d4:69:fa:9a:08:,stop&go,-78,1709567591.1593285,LC414,1,4
1909,94:d4:69:fd:b1:e0:,eduroam,-55,1709567591.1593285,LC414,1,4
1910,94:d4:69:fd:b1:e3:,CD91,-55,1709567591.1593285,LC414,1,4
1911,94:d4:69:fd:b1:e4:,Guest-CentraleSupelec,-55,1709567591.1593285,LC414,1,4
1912,94:d4:69:fd:b1:e6:,fabrique2024,-55,1709567591.1593285,LC414,1,4
1913,94:d4:69:fd:b1:e7:,stop&go,-55,1709567591.1593285,LC414,1,4
1914,94:d4:69:fd:b1:e8:,stop&go,-62,1709567591.1593285,LC414,1,4
1915,94:d4:69:fd:b1:e9:,fabrique2024,-62,1709567591.1593285,LC414,1,4
1916,94:d4:69:fd:b1:eb:,Guest-CentraleSupelec,-62,1709567591.1593285,LC414,1,4
1917,94:d4:69:fd:b1:ec:,CD91,-62,1709567591.1593285,LC414,1,4
1918,94:d4:69:fd:b1:ef:,eduroam,-62,1709567591.1593285,LC414,1,4
1919,94:d4:69:fd:b2:23:,CD91,-81,1709567591.1593285,LC414,1,4
1920,94:d4:69:fd:b2:28:,stop&go,-84,1709567591.1593285,LC414,1,4
1921,70:d3:79:2e:8c:80:,eduroam,-74,1709567592.3094995,LC414,1,4
1922,70:d3:79:2e:8c:83:,CD91,-70,1709567592.3094995,LC414,1,4
1923,70:d3:79:2e:8c:84:,Guest-CentraleSupelec,-72,1709567592.3094995,LC414,1,4
1924,70:d3:79:2e:8c:86:,fabrique2024,-70,1709567592.3094995,LC414,1,4
1925,70:d3:79:2e:8c:87:,stop&go,-82,1709567592.3094995,LC414,1,4
1926,70:d3:79:2e:8c:88:,stop&go,-82,1709567592.3094995,LC414,1,4
1927,70:d3:79:2e:8c:89:,fabrique2024,-82,1709567592.3094995,LC414,1,4
1928,70:d3:79:2e:8c:8b:,Guest-CentraleSupelec,-82,1709567592.3094995,LC414,1,4
1929,70:d3:79:2e:8c:8c:,CD91,-83,1709567592.3094995,LC414,1,4
1930,70:d3:79:2e:8c:8f:,eduroam,-83,1709567592.3094995,LC414,1,4
1931,84:3d:c6:f5:f1:87:,stop&go,-84,1709567592.3094995,LC414,1,4
1932,84:3d:c6:f5:f1:89:,fabrique2024,-85,1709567592.3094995,LC414,1,4
1933,84:3d:c6:f5:f1:8b:,Guest-CentraleSupelec,-85,1709567592.3094995,LC414,1,4
1934,84:3d:c6:f5:f1:8c:,CD91,-84,1709567592.3094995,LC414,1,4
1935,84:3d:c6:f5:f1:8f:,eduroam,-84,1709567592.3094995,LC414,1,4
1936,94:d4:69:f6:e4:e0:,eduroam,-81,1709567592.3094995,LC414,1,4
1937,94:d4:69:f6:e4:e3:,CD91,-81,1709567592.3094995,LC414,1,4
1938,94:d4:69:f6:e4:e4:,Guest-CentraleSupelec,-80,1709567592.3094995,LC414,1,4
1939,94:d4:69:f6:e4:e6:,fabrique2024,-81,1709567592.3094995,LC414,1,4
1940,94:d4:69:f6:e4:e8:,stop&go,-86,1709567592.3094995,LC414,1,4
1941,94:d4:69:f6:e4:e9:,fabrique2024,-87,1709567592.3094995,LC414,1,4
1942,94:d4:69:f6:e4:eb:,Guest-CentraleSupelec,-86,1709567592.3094995,LC414,1,4
1943,94:d4:69:f6:e4:ec:,CD91,-85,1709567592.3094995,LC414,1,4
1944,94:d4:69:f6:e4:ef:,eduroam,-85,1709567592.3094995,LC414,1,4
1945,94:d4:69:f9:7d:60:,eduroam,-66,1709567592.3094995,LC414,1,4
1946,94:d4:69:f9:7d:63:,CD91,-67,1709567592.3094995,LC414,1,4
1947,94:d4:69:f9:7d:64:,Guest-CentraleSupelec,-68,1709567592.3094995,LC414,1,4
1948,94:d4:69:f9:7d:66:,fabrique2024,-67,1709567592.3094995,LC414,1,4
1949,94:d4:69:f9:7d:67:,stop&go,-64,1709567592.3094995,LC414,1,4
1950,94:d4:69:f9:7d:68:,stop&go,-67,1709567592.3094995,LC414,1,4
1951,94:d4:69:f9:7d:69:,fabrique2024,-64,1709567592.3094995,LC414,1,4
1952,94:d4:69:f9:7d:6b:,Guest-CentraleSupelec,-64,1709567592.3094995,LC414,1,4
1953,94:d4:69:f9:7d:6c:,CD91,-64,1709567592.3094995,LC414,1,4
1954,94:d4:69:f9:7d:6f:,eduroam,-64,1709567592.3094995,LC414,1,4
1955,94:d4:69:fa:94:43:,CD91,-78,1709567592.3094995,LC414,1,4
1956,94:d4:69:fa:94:46:,fabrique2024,-74,1709567592.3094995,LC414,1,4
1957,94:d4:69:fa:94:47:,stop&go,-81,1709567592.3094995,LC414,1,4
1958,94:d4:69:fa:94:48:,stop&go,-82,1709567592.3094995,LC414,1,4
1959,94:d4:69:fa:94:49:,fabrique2024,-82,1709567592.3094995,LC414,1,4
1960,94:d4:69:fa:94:4b:,Guest-CentraleSupelec,-81,1709567592.3094995,LC414,1,4
1961,94:d4:69:fa:94:4c:,CD91,-80,1709567592.3094995,LC414,1,4
1962,94:d4:69:fa:94:4f:,eduroam,-81,1709567592.3094995,LC414,1,4
1963,94:d4:69:fa:9a:03:,CD91,-78,1709567592.3094995,LC414,1,4
1964,94:d4:69:fa:9a:04:,Guest-CentraleSupelec,-77,1709567592.3094995,LC414,1,4
1965,94:d4:69:fa:9a:06:,fabrique2024,-76,1709567592.3094995,LC414,1,4
1966,94:d4:69:fa:9a:08:,stop&go,-78,1709567592.3094995,LC414,1,4
1967,94:d4:69:fd:b1:e0:,eduroam,-55,1709567592.3094995,LC414,1,4
1968,94:d4:69:fd:b1:e3:,CD91,-55,1709567592.3094995,LC414,1,4
1969,94:d4:69:fd:b1:e4:,Guest-CentraleSupelec,-55,1709567592.3094995,LC414,1,4
1970,94:d4:69:fd:b1:e6:,fabrique2024,-55,1709567592.3094995,LC414,1,4
1971,94:d4:69:fd:b1:e7:,stop&go,-55,1709567592.3094995,LC414,1,4
1972,94:d4:69:fd:b1:e8:,stop&go,-62,1709567592.3094995,LC414,1,4
1973,94:d4:69:fd:b1:e9:,fabrique2024,-62,1709567592.3094995,LC414,1,4
1974,94:d4:69:fd:b1:eb:,Guest-CentraleSupelec,-62,1709567592.3094995,LC414,1,4
1975,94:d4:69:fd:b1:ec:,CD91,-62,1709567592.3094995,LC414,1,4
1976,94:d4:69:fd:b1:ef:,eduroam,-62,1709567592.3094995,LC414,1,4
1977,94:d4:69:fd:b2:23:,CD91,-81,1709567592.3094995,LC414,1,4
1978,94:d4:69:fd:b2:28:,stop&go,-84,1709567592.3094995,LC414,1,4
1979,70:d3:79:2e:8c:80:,eduroam,-74,1709567593.3255842,LC414,1,4
1980,70:d3:79:2e:8c:83:,CD91,-70,1709567593.3255842,LC414,1,4
1981,70:d3:79:2e:8c:84:,Guest-CentraleSupelec,-72,1709567593.3255842,LC414,1,4
1982,70:d3:79:2e:8c:86:,fabrique2024,-70,1709567593.3255842,LC414,1,4
1983,70:d3:79:2e:8c:87:,stop&go,-80,1709567593.3255842,LC414,1,4
1984,70:d3:79:2e:8c:88:,stop&go,-79,1709567593.3255842,LC414,1,4
1985,70:d3:79:2e:8c:89:,fabrique2024,-80,1709567593.3255842,LC414,1,4
1986,70:d3:79:2e:8c:8b:,Guest-CentraleSupelec,-79,1709567593.3255842,LC414,1,4
1987,70:d3:79:2e:8c:8c:,CD91,-79,1709567593.3255842,LC414,1,4
1988,70:d3:79:2e:8c:8f:,eduroam,-79,1709567593.3255842,LC414,1,4
1989,84:3d:c6:f5:f1:87:,stop&go,-84,1709567593.3255842,LC414,1,4
1990,84:3d:c6:f5:f1:89:,fabrique2024,-85,1709567593.3255842,LC414,1,4
1991,84:3d:c6:f5:f1:8b:,Guest-CentraleSupelec,-85,1709567593.3255842,LC414,1,4
1992,84:3d:c6:f5:f1:8c:,CD91,-84,1709567593.3255842,LC414,1,4
1993,84:3d:c6:f5:f1:8f:,eduroam,-84,1709567593.3255842,LC414,1,4
1994,94:d4:69:f6:e4:e0:,eduroam,-81,1709567593.3255842,LC414,1,4
1995,94:d4:69:f6:e4:e3:,CD91,-81,1709567593.3255842,LC414,1,4
1996,94:d4:69:f6:e4:e4:,Guest-CentraleSupelec,-80,1709567593.3255842,LC414,1,4
1997,94:d4:69:f6:e4:e6:,fabrique2024,-81,1709567593.3255842,LC414,1,4
1998,94:d4:69:f6:e4:e8:,stop&go,-86,1709567593.3255842,LC414,1,4
1999,94:d4:69:f6:e4:e9:,fabrique2024,-87,1709567593.3255842,LC414,1,4
2000,94:d4:69:f6:e4:eb:,Guest-CentraleSupelec,-86,1709567593.3255842,LC414,1,4
2001,94:d4:69:f6:e4:ec:,CD91,-85,1709567593.3255842,LC414,1,4
2002,94:d4:69:f6:e4:ef:,eduroam,-85,1709567593.3255842,LC414,1,4
2003,94:d4:69:f9:7d:60:,eduroam,-69,1709567593.3255842,LC414,1,4
2004,94:d4:69:f9:7d:63:,CD91,-69,1709567593.3255842,LC414,1,4
2005,94:d4:69:f9:7d:64:,Guest-CentraleSupelec,-69,1709567593.3255842,LC414,1,4
2006,94:d4:69:f9:7d:66:,fabrique2024,-68,1709567593.3255842,LC414,1,4
2007,94:d4:69:f9:7d:67:,stop&go,-65,1709567593.3255842,LC414,1,4
2008,94:d4:69:f9:7d:68:,stop&go,-69,1709567593.3255842,LC414,1,4
2009,94:d4:69:f9:7d:69:,fabrique2024,-65,1709567593.3255842,LC414,1,4
2010,94:d4:69:f9:7d:6b:,Guest-CentraleSupelec,-65,1709567593.3255842,LC414,1,4
2011,94:d4:69:f9:7d:6c:,CD91,-65,1709567593.3255842,LC414,1,4
2012,94:d4:69:f9:7d:6f:,eduroam,-65,1709567593.3255842,LC414,1,4
2013,94:d4:69:fa:94:43:,CD91,-78,1709567593.3255842,LC414,1,4
2014,94:d4:69:fa:94:46:,fabrique2024,-74,1709567593.3255842,LC414,1,4
2015,94:d4:69:fa:94:47:,stop&go,-81,1709567593.3255842,LC414,1,4
2016,94:d4:69:fa:94:48:,stop&go,-87,1709567593.3255842,LC414,1,4
2017,94:d4:69:fa:94:49:,fabrique2024,-82,1709567593.3255842,LC414,1,4
2018,94:d4:69:fa:94:4b:,Guest-CentraleSupelec,-81,1709567593.3255842,LC414,1,4
2019,94:d4:69:fa:94:4c:,CD91,-80,1709567593.3255842,LC414,1,4
2020,94:d4:69:fa:94:4f:,eduroam,-81,1709567593.3255842,LC414,1,4
2021,94:d4:69:fa:9a:03:,CD91,-78,1709567593.3255842,LC414,1,4
2022,94:d4:69:fa:9a:04:,Guest-CentraleSupelec,-77,1709567593.3255842,LC414,1,4
2023,94:d4:69:fa:9a:06:,fabrique2024,-76,1709567593.3255842,LC414,1,4
2024,94:d4:69:fa:9a:08:,stop&go,-78,1709567593.3255842,LC414,1,4
2025,94:d4:69:fd:b1:e0:,eduroam,-55,1709567593.3255842,LC414,1,4
2026,94:d4:69:fd:b1:e3:,CD91,-56,1709567593.3255842,LC414,1,4
2027,94:d4:69:fd:b1:e4:,Guest-CentraleSupelec,-56,1709567593.3255842,LC414,1,4
2028,94:d4:69:fd:b1:e6:,fabrique2024,-56,1709567593.3255842,LC414,1,4
2029,94:d4:69:fd:b1:e7:,stop&go,-55,1709567593.3255842,LC414,1,4
2030,94:d4:69:fd:b1:e8:,stop&go,-62,1709567593.3255842,LC414,1,4
2031,94:d4:69:fd:b1:e9:,fabrique2024,-63,1709567593.3255842,LC414,1,4
2032,94:d4:69:fd:b1:eb:,Guest-CentraleSupelec,-63,1709567593.3255842,LC414,1,4
2033,94:d4:69:fd:b1:ec:,CD91,-63,1709567593.3255842,LC414,1,4
2034,94:d4:69:fd:b1:ef:,eduroam,-62,1709567593.3255842,LC414,1,4
2035,94:d4:69:fd:b2:23:,CD91,-81,1709567593.3255842,LC414,1,4
2036,94:d4:69:fd:b2:28:,stop&go,-84,1709567593.3255842,LC414,1,4
2037,70:d3:79:2e:8c:80:,eduroam,-74,1709567594.4773157,LC414,1,4
2038,70:d3:79:2e:8c:83:,CD91,-70,1709567594.4773157,LC414,1,4
2039,70:d3:79:2e:8c:84:,Guest-CentraleSupelec,-72,1709567594.4773157,LC414,1,4
2040,70:d3:79:2e:8c:86:,fabrique2024,-70,1709567594.4773157,LC414,1,4
2041,70:d3:79:2e:8c:87:,stop&go,-80,1709567594.4773157,LC414,1,4
2042,70:d3:79:2e:8c:88:,stop&go,-79,1709567594.4773157,LC414,1,4
2043,70:d3:79:2e:8c:89:,fabrique2024,-80,1709567594.4773157,LC414,1,4
2044,70:d3:79:2e:8c:8b:,Guest-CentraleSupelec,-79,1709567594.4773157,LC414,1,4
2045,70:d3:79:2e:8c:8c:,CD91,-79,1709567594.4773157,LC414,1,4
2046,70:d3:79:2e:8c:8f:,eduroam,-79,1709567594.4773157,LC414,1,4
2047,84:3d:c6:f5:f1:87:,stop&go,-84,1709567594.4773157,LC414,1,4
2048,84:3d:c6:f5:f1:89:,fabrique2024,-85,1709567594.4773157,LC414,1,4
2049,84:3d:c6:f5:f1:8b:,Guest-CentraleSupelec,-85,1709567594.4773157,LC414,1,4
2050,84:3d:c6:f5:f1:8c:,CD91,-84,1709567594.4773157,LC414,1,4
2051,84:3d:c6:f5:f1:8f:,eduroam,-84,1709567594.4773157,LC414,1,4
2052,94:d4:69:f6:e4:e0:,eduroam,-81,1709567594.4773157,LC414,1,4
2053,94:d4:69:f6:e4:e3:,CD91,-81,1709567594.4773157,LC414,1,4
2054,94:d4:69:f6:e4:e4:,Guest-CentraleSupelec,-80,1709567594.4773157,LC414,1,4
2055,94:d4:69:f6:e4:e6:,fabrique2024,-81,1709567594.4773157,LC414,1,4
2056,94:d4:69:f6:e4:e8:,stop&go,-86,1709567594.4773157,LC414,1,4
2057,94:d4:69:f6:e4:e9:,fabrique2024,-87,1709567594.4773157,LC414,1,4
2058,94:d4:69:f6:e4:eb:,Guest-CentraleSupelec,-86,1709567594.4773157,LC414,1,4
2059,94:d4:69:f6:e4:ec:,CD91,-85,1709567594.4773157,LC414,1,4
2060,94:d4:69:f6:e4:ef:,eduroam,-85,1709567594.4773157,LC414,1,4
2061,94:d4:69:f9:7d:60:,eduroam,-69,1709567594.4773157,LC414,1,4
2062,94:d4:69:f9:7d:63:,CD91,-69,1709567594.4773157,LC414,1,4
2063,94:d4:69:f9:7d:64:,Guest-CentraleSupelec,-69,1709567594.4773157,LC414,1,4
2064,94:d4:69:f9:7d:66:,fabrique2024,-68,1709567594.4773157,LC414,1,4
2065,94:d4:69:f9:7d:67:,stop&go,-65,1709567594.4773157,LC414,1,4
2066,94:d4:69:f9:7d:68:,stop&go,-69,1709567594.4773157,LC414,1,4
2067,94:d4:69:f9:7d:69:,fabrique2024,-65,1709567594.4773157,LC414,1,4
2068,94:d4:69:f9:7d:6b:,Guest-CentraleSupelec,-65,1709567594.4773157,LC414,1,4
2069,94:d4:69:f9:7d:6c:,CD91,-65,1709567594.4773157,LC414,1,4
2070,94:d4:69:f9:7d:6f:,eduroam,-65,1709567594.4773157,LC414,1,4
2071,94:d4:69:fa:94:43:,CD91,-78,1709567594.4773157,LC414,1,4
2072,94:d4:69:fa:94:46:,fabrique2024,-74,1709567594.4773157,LC414,1,4
2073,94:d4:69:fa:94:47:,stop&go,-81,1709567594.4773157,LC414,1,4
2074,94:d4:69:fa:94:48:,stop&go,-87,1709567594.4773157,LC414,1,4
2075,94:d4:69:fa:94:49:,fabrique2024,-82,1709567594.4773157,LC414,1,4
2076,94:d4:69:fa:94:4b:,Guest-CentraleSupelec,-81,1709567594.4773157,LC414,1,4
2077,94:d4:69:fa:94:4c:,CD91,-80,1709567594.4773157,LC414,1,4
2078,94:d4:69:fa:94:4f:,eduroam,-81,1709567594.4773157,LC414,1,4
2079,94:d4:69:fa:9a:03:,CD91,-78,1709567594.4773157,LC414,1,4
2080,94:d4:69:fa:9a:04:,Guest-CentraleSupelec,-77,1709567594.4773157,LC414,1,4
2081,94:d4:69:fa:9a:06:,fabrique2024,-76,1709567594.4773157,LC414,1,4
2082,94:d4:69:fa:9a:08:,stop&go,-78,1709567594.4773157,LC414,1,4
2083,94:d4:69:fd:b1:e0:,eduroam,-55,1709567594.4773157,LC414,1,4
2084,94:d4:69:fd:b1:e3:,CD91,-56,1709567594.4773157,LC414,1,4
2085,94:d4:69:fd:b1:e4:,Guest-CentraleSupelec,-56,1709567594.4773157,LC414,1,4
2086,94:d4:69:fd:b1:e6:,fabrique2024,-56,1709567594.4773157,LC414,1,4
2087,94:d4:69:fd:b1:e7:,stop&go,-55,1709567594.4773157,LC414,1,4
2088,94:d4:69:fd:b1:e8:,stop&go,-62,1709567594.4773157,LC414,1,4
2089,94:d4:69:fd:b1:e9:,fabrique2024,-63,1709567594.4773157,LC414,1,4
2090,94:d4:69:fd:b1:eb:,Guest-CentraleSupelec,-63,1709567594.4773157,LC414,1,4
2091,94:d4:69:fd:b1:ec:,CD91,-63,1709567594.4773157,LC414,1,4
2092,94:d4:69:fd:b1:ef:,eduroam,-62,1709567594.4773157,LC414,1,4
2093,94:d4:69:fd:b2:23:,CD91,-81,1709567594.4773157,LC414,1,4
2094,94:d4:69:fd:b2:28:,stop&go,-84,1709567594.4773157,LC414,1,4
2095,70:d3:79:2e:8c:80:,eduroam,-74,1709567595.5189035,LC414,1,4
2096,70:d3:79:2e:8c:83:,CD91,-70,1709567595.5189035,LC414,1,4
2097,70:d3:79:2e:8c:84:,Guest-CentraleSupelec,-72,1709567595.5189035,LC414,1,4
2098,70:d3:79:2e:8c:86:,fabrique2024,-70,1709567595.5189035,LC414,1,4
2099,70:d3:79:2e:8c:87:,stop&go,-80,1709567595.5189035,LC414,1,4
2100,70:d3:79:2e:8c:88:,stop&go,-79,1709567595.5189035,LC414,1,4
2101,70:d3:79:2e:8c:89:,fabrique2024,-80,1709567595.5189035,LC414,1,4
2102,70:d3:79:2e:8c:8b:,Guest-CentraleSupelec,-79,1709567595.5189035,LC414,1,4
2103,70:d3:79:2e:8c:8c:,CD91,-79,1709567595.5189035,LC414,1,4
2104,70:d3:79:2e:8c:8f:,eduroam,-79,1709567595.5189035,LC414,1,4
2105,84:3d:c6:f5:f1:87:,stop&go,-84,1709567595.5189035,LC414,1,4
2106,84:3d:c6:f5:f1:89:,fabrique2024,-85,1709567595.5189035,LC414,1,4
2107,84:3d:c6:f5:f1:8b:,Guest-CentraleSupelec,-85,1709567595.5189035,LC414,1,4
2108,84:3d:c6:f5:f1:8c:,CD91,-84,1709567595.5189035,LC414,1,4
2109,84:3d:c6:f5:f1:8f:,eduroam,-84,1709567595.5189035,LC414,1,4
2110,94:d4:69:f6:e4:e0:,eduroam,-81,1709567595.5189035,LC414,1,4
2111,94:d4:69:f6:e4:e3:,CD91,-81,1709567595.5189035,LC414,1,4
2112,94:d4:69:f6:e4:e4:,Guest-CentraleSupelec,-80,1709567595.5189035,LC414,1,4
2113,94:d4:69:f6:e4:e6:,fabrique2024,-81,1709567595.5189035,LC414,1,4
2114,94:d4:69:f6:e4:e8:,stop&go,-86,1709567595.5189035,LC414,1,4
2115,94:d4:69:f6:e4:e9:,fabrique2024,-87,1709567595.5189035,LC414,1,4
2116,94:d4:69:f6:e4:eb:,Guest-CentraleSupelec,-86,1709567595.5189035,LC414,1,4
2117,94:d4:69:f6:e4:ec:,CD91,-85,1709567595.5189035,LC414,1,4
2118,94:d4:69:f6:e4:ef:,eduroam,-85,1709567595.5189035,LC414,1,4
2119,94:d4:69:f9:7d:60:,eduroam,-69,1709567595.5189035,LC414,1,4
2120,94:d4:69:f9:7d:63:,CD91,-69,1709567595.5189035,LC414,1,4
2121,94:d4:69:f9:7d:64:,Guest-CentraleSupelec,-69,1709567595.5189035,LC414,1,4
2122,94:d4:69:f9:7d:66:,fabrique2024,-68,1709567595.5189035,LC414,1,4
2123,94:d4:69:f9:7d:67:,stop&go,-65,1709567595.5189035,LC414,1,4
2124,94:d4:69:f9:7d:68:,stop&go,-69,1709567595.5189035,LC414,1,4
2125,94:d4:69:f9:7d:69:,fabrique2024,-65,1709567595.5189035,LC414,1,4
2126,94:d4:69:f9:7d:6b:,Guest-CentraleSupelec,-65,1709567595.5189035,LC414,1,4
2127,94:d4:69:f9:7d:6c:,CD91,-65,1709567595.5189035,LC414,1,4
2128,94:d4:69:f9:7d:6f:,eduroam,-65,1709567595.5189035,LC414,1,4
2129,94:d4:69:fa:94:43:,CD91,-78,1709567595.5189035,LC414,1,4
2130,94:d4:69:fa:94:46:,fabrique2024,-74,1709567595.5189035,LC414,1,4
2131,94:d4:69:fa:94:47:,stop&go,-81,1709567595.5189035,LC414,1,4
2132,94:d4:69:fa:94:48:,stop&go,-87,1709567595.5189035,LC414,1,4
2133,94:d4:69:fa:94:49:,fabrique2024,-82,1709567595.5189035,LC414,1,4
2134,94:d4:69:fa:94:4b:,Guest-CentraleSupelec,-81,1709567595.5189035,LC414,1,4
2135,94:d4:69:fa:94:4c:,CD91,-80,1709567595.5189035,LC414,1,4
2136,94:d4:69:fa:94:4f:,eduroam,-81,1709567595.5189035,LC414,1,4
2137,94:d4:69:fa:9a:04:,Guest-CentraleSupelec,-77,1709567595.5189035,LC414,1,4
2138,94:d4:69:fa:9a:06:,fabrique2024,-76,1709567595.5189035,LC414,1,4
2139,94:d4:69:fa:9a:08:,stop&go,-78,1709567595.5189035,LC414,1,4
2140,94:d4:69:fd:b1:e0:,eduroam,-55,1709567595.5189035,LC414,1,4
2141,94:d4:69:fd:b1:e3:,CD91,-56,1709567595.5189035,LC414,1,4
2142,94:d4:69:fd:b1:e4:,Guest-CentraleSupelec,-56,1709567595.5189035,LC414,1,4
2143,94:d4:69:fd:b1:e6:,fabrique2024,-56,1709567595.5189035,LC414,1,4
2144,94:d4:69:fd:b1:e7:,stop&go,-55,1709567595.5189035,LC414,1,4
2145,94:d4:69:fd:b1:e8:,stop&go,-62,1709567595.5189035,LC414,1,4
2146,94:d4:69:fd:b1:e9:,fabrique2024,-63,1709567595.5189035,LC414,1,4
2147,94:d4:69:fd:b1:eb:,Guest-CentraleSupelec,-63,1709567595.5189035,LC414,1,4
2148,94:d4:69:fd:b1:ec:,CD91,-63,1709567595.5189035,LC414,1,4
2149,94:d4:69:fd:b1:ef:,eduroam,-63,1709567595.5189035,LC414,1,4
2150,94:d4:69:fd:b2:23:,CD91,-81,1709567595.5189035,LC414,1,4
2151,94:d4:69:fd:b2:28:,stop&go,-84,1709567595.5189035,LC414,1,4
2152,70:d3:79:2e:8c:80:,eduroam,-74,1709567596.5597513,LC414,1,4
2153,70:d3:79:2e:8c:83:,CD91,-70,1709567596.5597513,LC414,1,4
2154,70:d3:79:2e:8c:84:,Guest-CentraleSupelec,-72,1709567596.5597513,LC414,1,4
2155,70:d3:79:2e:8c:86:,fabrique2024,-70,1709567596.5597513,LC414,1,4
2156,70:d3:79:2e:8c:87:,stop&go,-80,1709567596.5597513,LC414,1,4
2157,70:d3:79:2e:8c:88:,stop&go,-79,1709567596.5597513,LC414,1,4
2158,70:d3:79:2e:8c:89:,fabrique2024,-80,1709567596.5597513,LC414,1,4
2159,70:d3:79:2e:8c:8b:,Guest-CentraleSupelec,-79,1709567596.5597513,LC414,1,4
2160,70:d3:79:2e:8c:8c:,CD91,-79,1709567596.5597513,LC414,1,4
2161,70:d3:79:2e:8c:8f:,eduroam,-79,1709567596.5597513,LC414,1,4
2162,84:3d:c6:f5:f1:87:,stop&go,-84,1709567596.5597513,LC414,1,4
2163,84:3d:c6:f5:f1:89:,fabrique2024,-85,1709567596.5597513,LC414,1,4
2164,84:3d:c6:f5:f1:8b:,Guest-CentraleSupelec,-85,1709567596.5597513,LC414,1,4
2165,84:3d:c6:f5:f1:8c:,CD91,-84,1709567596.5597513,LC414,1,4
2166,84:3d:c6:f5:f1:8f:,eduroam,-84,1709567596.5597513,LC414,1,4
2167,94:d4:69:f6:e4:e0:,eduroam,-81,1709567596.5597513,LC414,1,4
2168,94:d4:69:f6:e4:e3:,CD91,-81,1709567596.5597513,LC414,1,4
2169,94:d4:69:f6:e4:e4:,Guest-CentraleSupelec,-80,1709567596.5597513,LC414,1,4
2170,94:d4:69:f6:e4:e6:,fabrique2024,-81,1709567596.5597513,LC414,1,4
2171,94:d4:69:f6:e4:e8:,stop&go,-86,1709567596.5597513,LC414,1,4
2172,94:d4:69:f6:e4:e9:,fabrique2024,-87,1709567596.5597513,LC414,1,4
2173,94:d4:69:f6:e4:eb:,Guest-CentraleSupelec,-86,1709567596.5597513,LC414,1,4
2174,94:d4:69:f6:e4:ec:,CD91,-85,1709567596.5597513,LC414,1,4
2175,94:d4:69:f6:e4:ef:,eduroam,-85,1709567596.5597513,LC414,1,4
2176,94:d4:69:f9:7d:60:,eduroam,-66,1709567596.5597513,LC414,1,4
2177,94:d4:69:f9:7d:63:,CD91,-67,1709567596.5597513,LC414,1,4
2178,94:d4:69:f9:7d:64:,Guest-CentraleSupelec,-66,1709567596.5597513,LC414,1,4
2179,94:d4:69:f9:7d:66:,fabrique2024,-69,1709567596.5597513,LC414,1,4
2180,94:d4:69:f9:7d:67:,stop&go,-63,1709567596.5597513,LC414,1,4
2181,94:d4:69:f9:7d:68:,stop&go,-69,1709567596.5597513,LC414,1,4
2182,94:d4:69:f9:7d:69:,fabrique2024,-63,1709567596.5597513,LC414,1,4
2183,94:d4:69:f9:7d:6b:,Guest-CentraleSupelec,-63,1709567596.5597513,LC414,1,4
2184,94:d4:69:f9:7d:6c:,CD91,-63,1709567596.5597513,LC414,1,4
2185,94:d4:69:f9:7d:6f:,eduroam,-63,1709567596.5597513,LC414,1,4
2186,94:d4:69:fa:94:46:,fabrique2024,-74,1709567596.5597513,LC414,1,4
2187,94:d4:69:fa:94:47:,stop&go,-81,1709567596.5597513,LC414,1,4
2188,94:d4:69:fa:94:48:,stop&go,-87,1709567596.5597513,LC414,1,4
2189,94:d4:69:fa:94:49:,fabrique2024,-82,1709567596.5597513,LC414,1,4
2190,94:d4:69:fa:94:4b:,Guest-CentraleSupelec,-81,1709567596.5597513,LC414,1,4
2191,94:d4:69:fa:94:4c:,CD91,-80,1709567596.5597513,LC414,1,4
2192,94:d4:69:fa:94:4f:,eduroam,-81,1709567596.5597513,LC414,1,4
2193,94:d4:69:fa:9a:04:,Guest-CentraleSupelec,-77,1709567596.5597513,LC414,1,4
2194,94:d4:69:fa:9a:06:,fabrique2024,-76,1709567596.5597513,LC414,1,4
2195,94:d4:69:fa:9a:08:,stop&go,-78,1709567596.5597513,LC414,1,4
2196,94:d4:69:fd:b1:e0:,eduroam,-58,1709567596.5597513,LC414,1,4
2197,94:d4:69:fd:b1:e3:,CD91,-58,1709567596.5597513,LC414,1,4
2198,94:d4:69:fd:b1:e4:,Guest-CentraleSupelec,-59,1709567596.5597513,LC414,1,4
2199,94:d4:69:fd:b1:e6:,fabrique2024,-58,1709567596.5597513,LC414,1,4
2200,94:d4:69:fd:b1:e7:,stop&go,-58,1709567596.5597513,LC414,1,4
2201,94:d4:69:fd:b1:e8:,stop&go,-62,1709567596.5597513,LC414,1,4
2202,94:d4:69:fd:b1:e9:,fabrique2024,-62,1709567596.5597513,LC414,1,4
2203,94:d4:69:fd:b1:eb:,Guest-CentraleSupelec,-62,1709567596.5597513,LC414,1,4
2204,94:d4:69:fd:b1:ec:,CD91,-62,1709567596.5597513,LC414,1,4
2205,94:d4:69:fd:b1:ef:,eduroam,-63,1709567596.5597513,LC414,1,4
2206,94:d4:69:fd:b2:23:,CD91,-81,1709567596.5597513,LC414,1,4
2207,94:d4:69:fd:b2:28:,stop&go,-84,1709567596.5597513,LC414,1,4
2208,70:d3:79:2e:8c:80:,eduroam,-74,1709567597.7105079,LC414,1,4
2209,70:d3:79:2e:8c:83:,CD91,-70,1709567597.7105079,LC414,1,4
2210,70:d3:79:2e:8c:84:,Guest-CentraleSupelec,-72,1709567597.7105079,LC414,1,4
2211,70:d3:79:2e:8c:86:,fabrique2024,-70,1709567597.7105079,LC414,1,4
2212,70:d3:79:2e:8c:87:,stop&go,-80,1709567597.7105079,LC414,1,4
2213,70:d3:79:2e:8c:88:,stop&go,-79,1709567597.7105079,LC414,1,4
2214,70:d3:79:2e:8c:89:,fabrique2024,-80,1709567597.7105079,LC414,1,4
2215,70:d3:79:2e:8c:8b:,Guest-CentraleSupelec,-79,1709567597.7105079,LC414,1,4
2216,70:d3:79:2e:8c:8c:,CD91,-79,1709567597.7105079,LC414,1,4
2217,70:d3:79:2e:8c:8f:,eduroam,-79,1709567597.7105079,LC414,1,4
2218,84:3d:c6:f5:f1:87:,stop&go,-84,1709567597.7105079,LC414,1,4
2219,84:3d:c6:f5:f1:89:,fabrique2024,-85,1709567597.7105079,LC414,1,4
2220,84:3d:c6:f5:f1:8b:,Guest-CentraleSupelec,-85,1709567597.7105079,LC414,1,4
2221,84:3d:c6:f5:f1:8c:,CD91,-84,1709567597.7105079,LC414,1,4
2222,84:3d:c6:f5:f1:8f:,eduroam,-84,1709567597.7105079,LC414,1,4
2223,94:d4:69:f6:e4:e0:,eduroam,-81,1709567597.7105079,LC414,1,4
2224,94:d4:69:f6:e4:e3:,CD91,-81,1709567597.7105079,LC414,1,4
2225,94:d4:69:f6:e4:e4:,Guest-CentraleSupelec,-80,1709567597.7105079,LC414,1,4
2226,94:d4:69:f6:e4:e6:,fabrique2024,-81,1709567597.7105079,LC414,1,4
2227,94:d4:69:f6:e4:e8:,stop&go,-86,1709567597.7105079,LC414,1,4
2228,94:d4:69:f6:e4:e9:,fabrique2024,-87,1709567597.7105079,LC414,1,4
2229,94:d4:69:f6:e4:eb:,Guest-CentraleSupelec,-86,1709567597.7105079,LC414,1,4
2230,94:d4:69:f6:e4:ec:,CD91,-85,1709567597.7105079,LC414,1,4
2231,94:d4:69:f6:e4:ef:,eduroam,-85,1709567597.7105079,LC414,1,4
2232,94:d4:69:f9:7d:60:,eduroam,-66,1709567597.7105079,LC414,1,4
2233,94:d4:69:f9:7d:63:,CD91,-67,1709567597.7105079,LC414,1,4
2234,94:d4:69:f9:7d:64:,Guest-CentraleSupelec,-66,1709567597.7105079,LC414,1,4
2235,94:d4:69:f9:7d:66:,fabrique2024,-69,1709567597.7105079,LC414,1,4
2236,94:d4:69:f9:7d:67:,stop&go,-63,1709567597.7105079,LC414,1,4
2237,94:d4:69:f9:7d:68:,stop&go,-69,1709567597.7105079,LC414,1,4
2238,94:d4:69:f9:7d:69:,fabrique2024,-63,1709567597.7105079,LC414,1,4
2239,94:d4:69:f9:7d:6b:,Guest-CentraleSupelec,-63,1709567597.7105079,LC414,1,4
2240,94:d4:69:f9:7d:6c:,CD91,-63,1709567597.7105079,LC414,1,4
2241,94:d4:69:f9:7d:6f:,eduroam,-63,1709567597.7105079,LC414,1,4
2242,94:d4:69:fa:94:46:,fabrique2024,-74,1709567597.7105079,LC414,1,4
2243,94:d4:69:fa:94:47:,stop&go,-81,1709567597.7105079,LC414,1,4
2244,94:d4:69:fa:94:48:,stop&go,-87,1709567597.7105079,LC414,1,4
2245,94:d4:69:fa:94:49:,fabrique2024,-82,1709567597.7105079,LC414,1,4
2246,94:d4:69:fa:94:4b:,Guest-CentraleSupelec,-81,1709567597.7105079,LC414,1,4
2247,94:d4:69:fa:94:4c:,CD91,-80,1709567597.7105079,LC414,1,4
2248,94:d4:69:fa:94:4f:,eduroam,-81,1709567597.7105079,LC414,1,4
2249,94:d4:69:fa:9a:04:,Guest-CentraleSupelec,-77,1709567597.7105079,LC414,1,4
2250,94:d4:69:fa:9a:06:,fabrique2024,-76,1709567597.7105079,LC414,1,4
2251,94:d4:69:fa:9a:08:,stop&go,-78,1709567597.7105079,LC414,1,4
2252,94:d4:69:fd:b1:e0:,eduroam,-58,1709567597.7105079,LC414,1,4
2253,94:d4:69:fd:b1:e3:,CD91,-58,1709567597.7105079,LC414,1,4
2254,94:d4:69:fd:b1:e4:,Guest-CentraleSupelec,-59,1709567597.7105079,LC414,1,4
2255,94:d4:69:fd:b1:e6:,fabrique2024,-58,1709567597.7105079,LC414,1,4
2256,94:d4:69:fd:b1:e7:,stop&go,-58,1709567597.7105079,LC414,1,4
2257,94:d4:69:fd:b1:e8:,stop&go,-62,1709567597.7105079,LC414,1,4
2258,94:d4:69:fd:b1:e9:,fabrique2024,-62,1709567597.7105079,LC414,1,4
2259,94:d4:69:fd:b1:eb:,Guest-CentraleSupelec,-62,1709567597.7105079,LC414,1,4
2260,94:d4:69:fd:b1:ec:,CD91,-62,1709567597.7105079,LC414,1,4
2261,94:d4:69:fd:b1:ef:,eduroam,-63,1709567597.7105079,LC414,1,4
2262,94:d4:69:fd:b2:23:,CD91,-81,1709567597.7105079,LC414,1,4
2263,94:d4:69:fd:b2:28:,stop&go,-84,1709567597.7105079,LC414,1,4
2264,70:d3:79:2e:8c:80:,eduroam,-74,1709567598.745235,LC414,1,4
2265,70:d3:79:2e:8c:83:,CD91,-70,1709567598.745235,LC414,1,4
2266,70:d3:79:2e:8c:84:,Guest-CentraleSupelec,-72,1709567598.745235,LC414,1,4
2267,70:d3:79:2e:8c:86:,fabrique2024,-70,1709567598.745235,LC414,1,4
2268,70:d3:79:2e:8c:87:,stop&go,-80,1709567598.745235,LC414,1,4
2269,70:d3:79:2e:8c:88:,stop&go,-79,1709567598.745235,LC414,1,4
2270,70:d3:79:2e:8c:89:,fabrique2024,-80,1709567598.745235,LC414,1,4
2271,70:d3:79:2e:8c:8b:,Guest-CentraleSupelec,-80,1709567598.745235,LC414,1,4
2272,70:d3:79:2e:8c:8c:,CD91,-80,1709567598.745235,LC414,1,4
2273,70:d3:79:2e:8c:8f:,eduroam,-79,1709567598.745235,LC414,1,4
2274,84:3d:c6:f5:f1:87:,stop&go,-84,1709567598.745235,LC414,1,4
2275,84:3d:c6:f5:f1:89:,fabrique2024,-85,1709567598.745235,LC414,1,4
2276,84:3d:c6:f5:f1:8b:,Guest-CentraleSupelec,-85,1709567598.745235,LC414,1,4
2277,84:3d:c6:f5:f1:8c:,CD91,-84,1709567598.745235,LC414,1,4
2278,84:3d:c6:f5:f1:8f:,eduroam,-84,1709567598.745235,LC414,1,4
2279,94:d4:69:f6:e4:e0:,eduroam,-81,1709567598.745235,LC414,1,4
2280,94:d4:69:f6:e4:e3:,CD91,-81,1709567598.745235,LC414,1,4
2281,94:d4:69:f6:e4:e4:,Guest-CentraleSupelec,-80,1709567598.745235,LC414,1,4
2282,94:d4:69:f6:e4:e6:,fabrique2024,-81,1709567598.745235,LC414,1,4
2283,94:d4:69:f6:e4:e8:,stop&go,-86,1709567598.745235,LC414,1,4
2284,94:d4:69:f6:e4:e9:,fabrique2024,-87,1709567598.745235,LC414,1,4
2285,94:d4:69:f6:e4:eb:,Guest-CentraleSupelec,-86,1709567598.745235,LC414,1,4
2286,94:d4:69:f6:e4:ec:,CD91,-85,1709567598.745235,LC414,1,4
2287,94:d4:69:f6:e4:ef:,eduroam,-85,1709567598.745235,LC414,1,4
2288,94:d4:69:f9:7d:60:,eduroam,-66,1709567598.745235,LC414,1,4
2289,94:d4:69:f9:7d:63:,CD91,-68,1709567598.745235,LC414,1,4
2290,94:d4:69:f9:7d:64:,Guest-CentraleSupelec,-68,1709567598.745235,LC414,1,4
2291,94:d4:69:f9:7d:66:,fabrique2024,-68,1709567598.745235,LC414,1,4
2292,94:d4:69:f9:7d:67:,stop&go,-64,1709567598.745235,LC414,1,4
2293,94:d4:69:f9:7d:68:,stop&go,-68,1709567598.745235,LC414,1,4
2294,94:d4:69:f9:7d:69:,fabrique2024,-64,1709567598.745235,LC414,1,4
2295,94:d4:69:f9:7d:6b:,Guest-CentraleSupelec,-64,1709567598.745235,LC414,1,4
2296,94:d4:69:f9:7d:6c:,CD91,-64,1709567598.745235,LC414,1,4
2297,94:d4:69:f9:7d:6f:,eduroam,-64,1709567598.745235,LC414,1,4
2298,94:d4:69:fa:94:46:,fabrique2024,-74,1709567598.745235,LC414,1,4
2299,94:d4:69:fa:94:47:,stop&go,-81,1709567598.745235,LC414,1,4
2300,94:d4:69:fa:94:48:,stop&go,-87,1709567598.745235,LC414,1,4
2301,94:d4:69:fa:94:49:,fabrique2024,-82,1709567598.745235,LC414,1,4
2302,94:d4:69:fa:94:4b:,Guest-CentraleSupelec,-81,1709567598.745235,LC414,1,4
2303,94:d4:69:fa:94:4c:,CD91,-80,1709567598.745235,LC414,1,4
2304,94:d4:69:fa:94:4f:,eduroam,-81,1709567598.745235,LC414,1,4
2305,94:d4:69:fa:9a:04:,Guest-CentraleSupelec,-77,1709567598.745235,LC414,1,4
2306,94:d4:69:fa:9a:06:,fabrique2024,-76,1709567598.745235,LC414,1,4
2307,94:d4:69:fa:9a:08:,stop&go,-78,1709567598.745235,LC414,1,4
2308,94:d4:69:fd:b1:e0:,eduroam,-56,1709567598.745235,LC414,1,4
2309,94:d4:69:fd:b1:e3:,CD91,-57,1709567598.745235,LC414,1,4
2310,94:d4:69:fd:b1:e4:,Guest-CentraleSupelec,-56,1709567598.745235,LC414,1,4
2311,94:d4:69:fd:b1:e6:,fabrique2024,-56,1709567598.745235,LC414,1,4
2312,94:d4:69:fd:b1:e7:,stop&go,-57,1709567598.745235,LC414,1,4
2313,94:d4:69:fd:b1:e8:,stop&go,-62,1709567598.745235,LC414,1,4
2314,94:d4:69:fd:b1:e9:,fabrique2024,-61,1709567598.745235,LC414,1,4
2315,94:d4:69:fd:b1:eb:,Guest-CentraleSupelec,-61,1709567598.745235,LC414,1,4
2316,94:d4:69:fd:b1:ec:,CD91,-61,1709567598.745235,LC414,1,4
2317,94:d4:69:fd:b1:ef:,eduroam,-63,1709567598.745235,LC414,1,4
2318,94:d4:69:fd:b2:23:,CD91,-81,1709567598.745235,LC414,1,4
2319,94:d4:69:fd:b2:28:,stop&go,-84,1709567598.745235,LC414,1,4
2320,70:d3:79:2e:8c:80:,eduroam,-74,1709567599.7879992,LC414,1,4
2321,70:d3:79:2e:8c:83:,CD91,-70,1709567599.7879992,LC414,1,4
2322,70:d3:79:2e:8c:84:,Guest-CentraleSupelec,-72,1709567599.7879992,LC414,1,4
2323,70:d3:79:2e:8c:86:,fabrique2024,-70,1709567599.7879992,LC414,1,4
2324,70:d3:79:2e:8c:87:,stop&go,-80,1709567599.7879992,LC414,1,4
2325,70:d3:79:2e:8c:88:,stop&go,-79,1709567599.7879992,LC414,1,4
2326,70:d3:79:2e:8c:89:,fabrique2024,-80,1709567599.7879992,LC414,1,4
2327,70:d3:79:2e:8c:8b:,Guest-CentraleSupelec,-80,1709567599.7879992,LC414,1,4
2328,70:d3:79:2e:8c:8c:,CD91,-80,1709567599.7879992,LC414,1,4
2329,70:d3:79:2e:8c:8f:,eduroam,-79,1709567599.7879992,LC414,1,4
2330,84:3d:c6:f5:f1:87:,stop&go,-84,1709567599.7879992,LC414,1,4
2331,84:3d:c6:f5:f1:89:,fabrique2024,-85,1709567599.7879992,LC414,1,4
2332,84:3d:c6:f5:f1:8b:,Guest-CentraleSupelec,-85,1709567599.7879992,LC414,1,4
2333,84:3d:c6:f5:f1:8c:,CD91,-84,1709567599.7879992,LC414,1,4
2334,84:3d:c6:f5:f1:8f:,eduroam,-84,1709567599.7879992,LC414,1,4
2335,94:d4:69:f6:e4:e0:,eduroam,-81,1709567599.7879992,LC414,1,4
2336,94:d4:69:f6:e4:e3:,CD91,-81,1709567599.7879992,LC414,1,4
2337,94:d4:69:f6:e4:e4:,Guest-CentraleSupelec,-80,1709567599.7879992,LC414,1,4
2338,94:d4:69:f6:e4:e6:,fabrique2024,-81,1709567599.7879992,LC414,1,4
2339,94:d4:69:f6:e4:e8:,stop&go,-86,1709567599.7879992,LC414,1,4
2340,94:d4:69:f6:e4:e9:,fabrique2024,-87,1709567599.7879992,LC414,1,4
2341,94:d4:69:f6:e4:eb:,Guest-CentraleSupelec,-86,1709567599.7879992,LC414,1,4
2342,94:d4:69:f6:e4:ec:,CD91,-85,1709567599.7879992,LC414,1,4
2343,94:d4:69:f6:e4:ef:,eduroam,-85,1709567599.7879992,LC414,1,4
2344,94:d4:69:f9:7d:60:,eduroam,-66,1709567599.7879992,LC414,1,4
2345,94:d4:69:f9:7d:63:,CD91,-68,1709567599.7879992,LC414,1,4
2346,94:d4:69:f9:7d:64:,Guest-CentraleSupelec,-68,1709567599.7879992,LC414,1,4
2347,94:d4:69:f9:7d:66:,fabrique2024,-68,1709567599.7879992,LC414,1,4
2348,94:d4:69:f9:7d:67:,stop&go,-64,1709567599.7879992,LC414,1,4
2349,94:d4:69:f9:7d:68:,stop&go,-68,1709567599.7879992,LC414,1,4
2350,94:d4:69:f9:7d:69:,fabrique2024,-64,1709567599.7879992,LC414,1,4
2351,94:d4:69:f9:7d:6b:,Guest-CentraleSupelec,-64,1709567599.7879992,LC414,1,4
2352,94:d4:69:f9:7d:6c:,CD91,-64,1709567599.7879992,LC414,1,4
2353,94:d4:69:f9:7d:6f:,eduroam,-64,1709567599.7879992,LC414,1,4
2354,94:d4:69:fa:94:46:,fabrique2024,-74,1709567599.7879992,LC414,1,4
2355,94:d4:69:fa:94:47:,stop&go,-81,1709567599.7879992,LC414,1,4
2356,94:d4:69:fa:94:48:,stop&go,-87,1709567599.7879992,LC414,1,4
2357,94:d4:69:fa:94:49:,fabrique2024,-82,1709567599.7879992,LC414,1,4
2358,94:d4:69:fa:94:4b:,Guest-CentraleSupelec,-81,1709567599.7879992,LC414,1,4
2359,94:d4:69:fa:94:4c:,CD91,-80,1709567599.7879992,LC414,1,4
2360,94:d4:69:fa:94:4f:,eduroam,-81,1709567599.7879992,LC414,1,4
2361,94:d4:69:fa:9a:04:,Guest-CentraleSupelec,-77,1709567599.7879992,LC414,1,4
2362,94:d4:69:fa:9a:06:,fabrique2024,-76,1709567599.7879992,LC414,1,4
2363,94:d4:69:fa:9a:08:,stop&go,-78,1709567599.7879992,LC414,1,4
2364,94:d4:69:fd:b1:e0:,eduroam,-56,1709567599.7879992,LC414,1,4
2365,94:d4:69:fd:b1:e3:,CD91,-57,1709567599.7879992,LC414,1,4
2366,94:d4:69:fd:b1:e4:,Guest-CentraleSupelec,-56,1709567599.7879992,LC414,1,4
2367,94:d4:69:fd:b1:e6:,fabrique2024,-56,1709567599.7879992,LC414,1,4
2368,94:d4:69:fd:b1:e7:,stop&go,-57,1709567599.7879992,LC414,1,4
2369,94:d4:69:fd:b1:e8:,stop&go,-62,1709567599.7879992,LC414,1,4
2370,94:d4:69:fd:b1:e9:,fabrique2024,-61,1709567599.7879992,LC414,1,4
2371,94:d4:69:fd:b1:eb:,Guest-CentraleSupelec,-61,1709567599.7879992,LC414,1,4
2372,94:d4:69:fd:b1:ec:,CD91,-61,1709567599.7879992,LC414,1,4
2373,94:d4:69:fd:b1:ef:,eduroam,-63,1709567599.7879992,LC414,1,4
2374,94:d4:69:fd:b2:23:,CD91,-81,1709567599.7879992,LC414,1,4
2375,94:d4:69:fd:b2:28:,stop&go,-84,1709567599.7879992,LC414,1,4
2376,70:d3:79:2e:8c:80:,eduroam,-74,1709567600.9337995,LC414,1,4
2377,70:d3:79:2e:8c:83:,CD91,-70,1709567600.9337995,LC414,1,4
2378,70:d3:79:2e:8c:84:,Guest-CentraleSupelec,-72,1709567600.9337995,LC414,1,4
2379,70:d3:79:2e:8c:86:,fabrique2024,-70,1709567600.9337995,LC414,1,4
2380,70:d3:79:2e:8c:87:,stop&go,-80,1709567600.9337995,LC414,1,4
2381,70:d3:79:2e:8c:88:,stop&go,-79,1709567600.9337995,LC414,1,4
2382,70:d3:79:2e:8c:89:,fabrique2024,-80,1709567600.9337995,LC414,1,4
2383,70:d3:79:2e:8c:8b:,Guest-CentraleSupelec,-80,1709567600.9337995,LC414,1,4
2384,70:d3:79:2e:8c:8c:,CD91,-80,1709567600.9337995,LC414,1,4
2385,70:d3:79:2e:8c:8f:,eduroam,-79,1709567600.9337995,LC414,1,4
2386,84:3d:c6:f5:f1:87:,stop&go,-84,1709567600.9337995,LC414,1,4
2387,84:3d:c6:f5:f1:89:,fabrique2024,-85,1709567600.9337995,LC414,1,4
2388,84:3d:c6:f5:f1:8b:,Guest-CentraleSupelec,-85,1709567600.9337995,LC414,1,4
2389,84:3d:c6:f5:f1:8c:,CD91,-84,1709567600.9337995,LC414,1,4
2390,84:3d:c6:f5:f1:8f:,eduroam,-84,1709567600.9337995,LC414,1,4
2391,94:d4:69:f6:e4:e0:,eduroam,-81,1709567600.9337995,LC414,1,4
2392,94:d4:69:f6:e4:e3:,CD91,-81,1709567600.9337995,LC414,1,4
2393,94:d4:69:f6:e4:e4:,Guest-CentraleSupelec,-80,1709567600.9337995,LC414,1,4
2394,94:d4:69:f6:e4:e6:,fabrique2024,-81,1709567600.9337995,LC414,1,4
2395,94:d4:69:f6:e4:e8:,stop&go,-86,1709567600.9337995,LC414,1,4
2396,94:d4:69:f6:e4:eb:,Guest-CentraleSupelec,-86,1709567600.9337995,LC414,1,4
2397,94:d4:69:f9:7d:60:,eduroam,-66,1709567600.9337995,LC414,1,4
2398,94:d4:69:f9:7d:63:,CD91,-68,1709567600.9337995,LC414,1,4
2399,94:d4:69:f9:7d:64:,Guest-CentraleSupelec,-68,1709567600.9337995,LC414,1,4
2400,94:d4:69:f9:7d:66:,fabrique2024,-68,1709567600.9337995,LC414,1,4
2401,94:d4:69:f9:7d:67:,stop&go,-64,1709567600.9337995,LC414,1,4
2402,94:d4:69:f9:7d:68:,stop&go,-68,1709567600.9337995,LC414,1,4
2403,94:d4:69:f9:7d:69:,fabrique2024,-64,1709567600.9337995,LC414,1,4
2404,94:d4:69:f9:7d:6b:,Guest-CentraleSupelec,-64,1709567600.9337995,LC414,1,4
2405,94:d4:69:f9:7d:6c:,CD91,-64,1709567600.9337995,LC414,1,4
2406,94:d4:69:f9:7d:6f:,eduroam,-64,1709567600.9337995,LC414,1,4
2407,94:d4:69:fa:94:46:,fabrique2024,-74,1709567600.9337995,LC414,1,4
2408,94:d4:69:fa:94:47:,stop&go,-81,1709567600.9337995,LC414,1,4
2409,94:d4:69:fa:94:48:,stop&go,-87,1709567600.9337995,LC414,1,4
2410,94:d4:69:fa:94:49:,fabrique2024,-82,1709567600.9337995,LC414,1,4
2411,94:d4:69:fa:94:4b:,Guest-CentraleSupelec,-81,1709567600.9337995,LC414,1,4
2412,94:d4:69:fa:94:4c:,CD91,-80,1709567600.9337995,LC414,1,4
2413,94:d4:69:fa:94:4f:,eduroam,-81,1709567600.9337995,LC414,1,4
2414,94:d4:69:fa:9a:04:,Guest-CentraleSupelec,-77,1709567600.9337995,LC414,1,4
2415,94:d4:69:fa:9a:06:,fabrique2024,-76,1709567600.9337995,LC414,1,4
2416,94:d4:69:fa:9a:08:,stop&go,-78,1709567600.9337995,LC414,1,4
2417,94:d4:69:fd:b1:e0:,eduroam,-56,1709567600.9337995,LC414,1,4
2418,94:d4:69:fd:b1:e3:,CD91,-57,1709567600.9337995,LC414,1,4
2419,94:d4:69:fd:b1:e4:,Guest-CentraleSupelec,-56,1709567600.9337995,LC414,1,4
2420,94:d4:69:fd:b1:e6:,fabrique2024,-56,1709567600.9337995,LC414,1,4
2421,94:d4:69:fd:b1:e7:,stop&go,-57,1709567600.9337995,LC414,1,4
2422,94:d4:69:fd:b1:e8:,stop&go,-62,1709567600.9337995,LC414,1,4
2423,94:d4:69:fd:b1:e9:,fabrique2024,-61,1709567600.9337995,LC414,1,4
2424,94:d4:69:fd:b1:eb:,Guest-CentraleSupelec,-61,1709567600.9337995,LC414,1,4
2425,94:d4:69:fd:b1:ec:,CD91,-61,1709567600.9337995,LC414,1,4
2426,94:d4:69:fd:b1:ef:,eduroam,-63,1709567600.9337995,LC414,1,4
2427,94:d4:69:fd:b2:23:,CD91,-81,1709567600.9337995,LC414,1,4
2428,94:d4:69:fd:b2:28:,stop&go,-84,1709567600.9337995,LC414,1,4
2429,70:d3:79:2e:8c:80:,eduroam,-74,1709567601.9445589,LC414,1,4
2430,70:d3:79:2e:8c:83:,CD91,-73,1709567601.9445589,LC414,1,4
2431,70:d3:79:2e:8c:84:,Guest-CentraleSupelec,-73,1709567601.9445589,LC414,1,4
2432,70:d3:79:2e:8c:86:,fabrique2024,-72,1709567601.9445589,LC414,1,4
2433,70:d3:79:2e:8c:87:,stop&go,-80,1709567601.9445589,LC414,1,4
2434,70:d3:79:2e:8c:89:,fabrique2024,-80,1709567601.9445589,LC414,1,4
2435,70:d3:79:2e:8c:8b:,Guest-CentraleSupelec,-80,1709567601.9445589,LC414,1,4
2436,70:d3:79:2e:8c:8c:,CD91,-80,1709567601.9445589,LC414,1,4
2437,70:d3:79:2e:8c:8f:,eduroam,-79,1709567601.9445589,LC414,1,4
2438,84:3d:c6:f5:f1:87:,stop&go,-84,1709567601.9445589,LC414,1,4
2439,84:3d:c6:f5:f1:89:,fabrique2024,-85,1709567601.9445589,LC414,1,4
2440,84:3d:c6:f5:f1:8b:,Guest-CentraleSupelec,-85,1709567601.9445589,LC414,1,4
2441,84:3d:c6:f5:f1:8c:,CD91,-84,1709567601.9445589,LC414,1,4
2442,84:3d:c6:f5:f1:8f:,eduroam,-84,1709567601.9445589,LC414,1,4
2443,94:d4:69:f6:e4:e0:,eduroam,-81,1709567601.9445589,LC414,1,4
2444,94:d4:69:f6:e4:e3:,CD91,-81,1709567601.9445589,LC414,1,4
2445,94:d4:69:f6:e4:e4:,Guest-CentraleSupelec,-80,1709567601.9445589,LC414,1,4
2446,94:d4:69:f6:e4:e6:,fabrique2024,-81,1709567601.9445589,LC414,1,4
2447,94:d4:69:f6:e4:e8:,stop&go,-86,1709567601.9445589,LC414,1,4
2448,94:d4:69:f6:e4:eb:,Guest-CentraleSupelec,-86,1709567601.9445589,LC414,1,4
2449,94:d4:69:f9:7d:60:,eduroam,-70,1709567601.9445589,LC414,1,4
2450,94:d4:69:f9:7d:63:,CD91,-69,1709567601.9445589,LC414,1,4
2451,94:d4:69:f9:7d:64:,Guest-CentraleSupelec,-70,1709567601.9445589,LC414,1,4
2452,94:d4:69:f9:7d:66:,fabrique2024,-70,1709567601.9445589,LC414,1,4
2453,94:d4:69:f9:7d:67:,stop&go,-64,1709567601.9445589,LC414,1,4
2454,94:d4:69:f9:7d:68:,stop&go,-71,1709567601.9445589,LC414,1,4
2455,94:d4:69:f9:7d:69:,fabrique2024,-64,1709567601.9445589,LC414,1,4
2456,94:d4:69:f9:7d:6b:,Guest-CentraleSupelec,-64,1709567601.9445589,LC414,1,4
2457,94:d4:69:f9:7d:6c:,CD91,-64,1709567601.9445589,LC414,1,4
2458,94:d4:69:f9:7d:6f:,eduroam,-64,1709567601.9445589,LC414,1,4
2459,94:d4:69:fa:94:46:,fabrique2024,-74,1709567601.9445589,LC414,1,4
2460,94:d4:69:fa:94:47:,stop&go,-81,1709567601.9445589,LC414,1,4
2461,94:d4:69:fa:94:48:,stop&go,-87,1709567601.9445589,LC414,1,4
2462,94:d4:69:fa:94:49:,fabrique2024,-82,1709567601.9445589,LC414,1,4
2463,94:d4:69:fa:94:4b:,Guest-CentraleSupelec,-81,1709567601.9445589,LC414,1,4
2464,94:d4:69:fa:94:4c:,CD91,-80,1709567601.9445589,LC414,1,4
2465,94:d4:69:fa:94:4f:,eduroam,-81,1709567601.9445589,LC414,1,4
2466,94:d4:69:fa:9a:04:,Guest-CentraleSupelec,-77,1709567601.9445589,LC414,1,4
2467,94:d4:69:fa:9a:06:,fabrique2024,-76,1709567601.9445589,LC414,1,4
2468,94:d4:69:fa:9a:08:,stop&go,-78,1709567601.9445589,LC414,1,4
2469,94:d4:69:fd:b1:e0:,eduroam,-57,1709567601.9445589,LC414,1,4
2470,94:d4:69:fd:b1:e3:,CD91,-57,1709567601.9445589,LC414,1,4
2471,94:d4:69:fd:b1:e4:,Guest-CentraleSupelec,-57,1709567601.9445589,LC414,1,4
2472,94:d4:69:fd:b1:e6:,fabrique2024,-57,1709567601.9445589,LC414,1,4
2473,94:d4:69:fd:b1:e7:,stop&go,-57,1709567601.9445589,LC414,1,4
2474,94:d4:69:fd:b1:e8:,stop&go,-62,1709567601.9445589,LC414,1,4
2475,94:d4:69:fd:b1:e9:,fabrique2024,-61,1709567601.9445589,LC414,1,4
2476,94:d4:69:fd:b1:eb:,Guest-CentraleSupelec,-61,1709567601.9445589,LC414,1,4
2477,94:d4:69:fd:b1:ec:,CD91,-61,1709567601.9445589,LC414,1,4
2478,94:d4:69:fd:b1:ef:,eduroam,-61,1709567601.9445589,LC414,1,4
2479,94:d4:69:fd:b2:23:,CD91,-81,1709567601.9445589,LC414,1,4
2480,94:d4:69:fd:b2:28:,stop&go,-84,1709567601.9445589,LC414,1,4
2481,70:d3:79:2e:8c:80:,eduroam,-74,1709567603.0893893,LC414,1,4
2482,70:d3:79:2e:8c:83:,CD91,-73,1709567603.0893893,LC414,1,4
2483,70:d3:79:2e:8c:84:,Guest-CentraleSupelec,-73,1709567603.0893893,LC414,1,4
2484,70:d3:79:2e:8c:86:,fabrique2024,-72,1709567603.0893893,LC414,1,4
2485,70:d3:79:2e:8c:87:,stop&go,-82,1709567603.0893893,LC414,1,4
2486,70:d3:79:2e:8c:89:,fabrique2024,-82,1709567603.0893893,LC414,1,4
2487,70:d3:79:2e:8c:8b:,Guest-CentraleSupelec,-82,1709567603.0893893,LC414,1,4
2488,70:d3:79:2e:8c:8c:,CD91,-82,1709567603.0893893,LC414,1,4
2489,70:d3:79:2e:8c:8f:,eduroam,-83,1709567603.0893893,LC414,1,4
2490,84:3d:c6:f5:f1:87:,stop&go,-84,1709567603.0893893,LC414,1,4
2491,84:3d:c6:f5:f1:89:,fabrique2024,-85,1709567603.0893893,LC414,1,4
2492,84:3d:c6:f5:f1:8b:,Guest-CentraleSupelec,-85,1709567603.0893893,LC414,1,4
2493,84:3d:c6:f5:f1:8c:,CD91,-84,1709567603.0893893,LC414,1,4
2494,84:3d:c6:f5:f1:8f:,eduroam,-84,1709567603.0893893,LC414,1,4
2495,94:d4:69:f6:e4:e0:,eduroam,-81,1709567603.0893893,LC414,1,4
2496,94:d4:69:f6:e4:e3:,CD91,-81,1709567603.0893893,LC414,1,4
2497,94:d4:69:f6:e4:e4:,Guest-CentraleSupelec,-80,1709567603.0893893,LC414,1,4
2498,94:d4:69:f6:e4:e6:,fabrique2024,-81,1709567603.0893893,LC414,1,4
2499,94:d4:69:f6:e4:e8:,stop&go,-86,1709567603.0893893,LC414,1,4
2500,94:d4:69:f6:e4:eb:,Guest-CentraleSupelec,-86,1709567603.0893893,LC414,1,4
2501,94:d4:69:f9:7d:60:,eduroam,-70,1709567603.0893893,LC414,1,4
2502,94:d4:69:f9:7d:63:,CD91,-69,1709567603.0893893,LC414,1,4
2503,94:d4:69:f9:7d:64:,Guest-CentraleSupelec,-70,1709567603.0893893,LC414,1,4
2504,94:d4:69:f9:7d:66:,fabrique2024,-70,1709567603.0893893,LC414,1,4
2505,94:d4:69:f9:7d:67:,stop&go,-64,1709567603.0893893,LC414,1,4
2506,94:d4:69:f9:7d:68:,stop&go,-71,1709567603.0893893,LC414,1,4
2507,94:d4:69:f9:7d:69:,fabrique2024,-64,1709567603.0893893,LC414,1,4
2508,94:d4:69:f9:7d:6b:,Guest-CentraleSupelec,-64,1709567603.0893893,LC414,1,4
2509,94:d4:69:f9:7d:6c:,CD91,-64,1709567603.0893893,LC414,1,4
2510,94:d4:69:f9:7d:6f:,eduroam,-64,1709567603.0893893,LC414,1,4
2511,94:d4:69:fa:94:46:,fabrique2024,-74,1709567603.0893893,LC414,1,4
2512,94:d4:69:fa:94:47:,stop&go,-81,1709567603.0893893,LC414,1,4
2513,94:d4:69:fa:94:48:,stop&go,-87,1709567603.0893893,LC414,1,4
2514,94:d4:69:fa:94:49:,fabrique2024,-82,1709567603.0893893,LC414,1,4
2515,94:d4:69:fa:94:4b:,Guest-CentraleSupelec,-81,1709567603.0893893,LC414,1,4
2516,94:d4:69:fa:94:4c:,CD91,-80,1709567603.0893893,LC414,1,4
2517,94:d4:69:fa:94:4f:,eduroam,-82,1709567603.0893893,LC414,1,4
2518,94:d4:69:fa:9a:04:,Guest-CentraleSupelec,-77,1709567603.0893893,LC414,1,4
2519,94:d4:69:fa:9a:06:,fabrique2024,-76,1709567603.0893893,LC414,1,4
2520,94:d4:69:fa:9a:08:,stop&go,-78,1709567603.0893893,LC414,1,4
2521,94:d4:69:fd:b1:e0:,eduroam,-57,1709567603.0893893,LC414,1,4
2522,94:d4:69:fd:b1:e3:,CD91,-57,1709567603.0893893,LC414,1,4
2523,94:d4:69:fd:b1:e4:,Guest-CentraleSupelec,-57,1709567603.0893893,LC414,1,4
2524,94:d4:69:fd:b1:e6:,fabrique2024,-57,1709567603.0893893,LC414,1,4
2525,94:d4:69:fd:b1:e7:,stop&go,-57,1709567603.0893893,LC414,1,4
2526,94:d4:69:fd:b1:e8:,stop&go,-62,1709567603.0893893,LC414,1,4
2527,94:d4:69:fd:b1:e9:,fabrique2024,-62,1709567603.0893893,LC414,1,4
2528,94:d4:69:fd:b1:eb:,Guest-CentraleSupelec,-62,1709567603.0893893,LC414,1,4
2529,94:d4:69:fd:b1:ec:,CD91,-62,1709567603.0893893,LC414,1,4
2530,94:d4:69:fd:b1:ef:,eduroam,-61,1709567603.0893893,LC414,1,4
2531,94:d4:69:fd:b2:23:,CD91,-81,1709567603.0893893,LC414,1,4
2532,94:d4:69:fd:b2:28:,stop&go,-84,1709567603.0893893,LC414,1,4
2533,70:d3:79:2e:8c:80:,eduroam,-74,1709567604.2400014,LC414,1,4
2534,70:d3:79:2e:8c:83:,CD91,-73,1709567604.2400014,LC414,1,4
2535,70:d3:79:2e:8c:84:,Guest-CentraleSupelec,-73,1709567604.2400014,LC414,1,4
2536,70:d3:79:2e:8c:86:,fabrique2024,-72,1709567604.2400014,LC414,1,4
2537,70:d3:79:2e:8c:87:,stop&go,-82,1709567604.2400014,LC414,1,4
2538,70:d3:79:2e:8c:89:,fabrique2024,-82,1709567604.2400014,LC414,1,4
2539,70:d3:79:2e:8c:8b:,Guest-CentraleSupelec,-82,1709567604.2400014,LC414,1,4
2540,70:d3:79:2e:8c:8c:,CD91,-82,1709567604.2400014,LC414,1,4
2541,70:d3:79:2e:8c:8f:,eduroam,-83,1709567604.2400014,LC414,1,4
2542,84:3d:c6:f5:f1:87:,stop&go,-84,1709567604.2400014,LC414,1,4
2543,84:3d:c6:f5:f1:89:,fabrique2024,-85,1709567604.2400014,LC414,1,4
2544,84:3d:c6:f5:f1:8b:,Guest-CentraleSupelec,-85,1709567604.2400014,LC414,1,4
2545,84:3d:c6:f5:f1:8c:,CD91,-84,1709567604.2400014,LC414,1,4
2546,84:3d:c6:f5:f1:8f:,eduroam,-84,1709567604.2400014,LC414,1,4
2547,94:d4:69:f6:e4:e0:,eduroam,-81,1709567604.2400014,LC414,1,4
2548,94:d4:69:f6:e4:e3:,CD91,-81,1709567604.2400014,LC414,1,4
2549,94:d4:69:f6:e4:e4:,Guest-CentraleSupelec,-80,1709567604.2400014,LC414,1,4
2550,94:d4:69:f6:e4:e6:,fabrique2024,-81,1709567604.2400014,LC414,1,4
2551,94:d4:69:f6:e4:e8:,stop&go,-86,1709567604.2400014,LC414,1,4
2552,94:d4:69:f6:e4:eb:,Guest-CentraleSupelec,-86,1709567604.2400014,LC414,1,4
2553,94:d4:69:f9:7d:60:,eduroam,-70,1709567604.2400014,LC414,1,4
2554,94:d4:69:f9:7d:63:,CD91,-69,1709567604.2400014,LC414,1,4
2555,94:d4:69:f9:7d:64:,Guest-CentraleSupelec,-70,1709567604.2400014,LC414,1,4
2556,94:d4:69:f9:7d:66:,fabrique2024,-70,1709567604.2400014,LC414,1,4
2557,94:d4:69:f9:7d:67:,stop&go,-64,1709567604.2400014,LC414,1,4
2558,94:d4:69:f9:7d:68:,stop&go,-71,1709567604.2400014,LC414,1,4
2559,94:d4:69:f9:7d:69:,fabrique2024,-64,1709567604.2400014,LC414,1,4
2560,94:d4:69:f9:7d:6b:,Guest-CentraleSupelec,-64,1709567604.2400014,LC414,1,4
2561,94:d4:69:f9:7d:6c:,CD91,-64,1709567604.2400014,LC414,1,4
2562,94:d4:69:f9:7d:6f:,eduroam,-64,1709567604.2400014,LC414,1,4
2563,94:d4:69:fa:94:46:,fabrique2024,-74,1709567604.2400014,LC414,1,4
2564,94:d4:69:fa:94:47:,stop&go,-81,1709567604.2400014,LC414,1,4
2565,94:d4:69:fa:94:48:,stop&go,-87,1709567604.2400014,LC414,1,4
2566,94:d4:69:fa:94:49:,fabrique2024,-82,1709567604.2400014,LC414,1,4
2567,94:d4:69:fa:94:4b:,Guest-CentraleSupelec,-81,1709567604.2400014,LC414,1,4
2568,94:d4:69:fa:94:4c:,CD91,-80,1709567604.2400014,LC414,1,4
2569,94:d4:69:fa:94:4f:,eduroam,-82,1709567604.2400014,LC414,1,4
2570,94:d4:69:fa:9a:04:,Guest-CentraleSupelec,-77,1709567604.2400014,LC414,1,4
2571,94:d4:69:fa:9a:06:,fabrique2024,-76,1709567604.2400014,LC414,1,4
2572,94:d4:69:fa:9a:08:,stop&go,-78,1709567604.2400014,LC414,1,4
2573,94:d4:69:fd:b1:e0:,eduroam,-57,1709567604.2400014,LC414,1,4
2574,94:d4:69:fd:b1:e3:,CD91,-57,1709567604.2400014,LC414,1,4
2575,94:d4:69:fd:b1:e4:,Guest-CentraleSupelec,-57,1709567604.2400014,LC414,1,4
2576,94:d4:69:fd:b1:e6:,fabrique2024,-57,1709567604.2400014,LC414,1,4
2577,94:d4:69:fd:b1:e7:,stop&go,-57,1709567604.2400014,LC414,1,4
2578,94:d4:69:fd:b1:e8:,stop&go,-62,1709567604.2400014,LC414,1,4
2579,94:d4:69:fd:b1:e9:,fabrique2024,-62,1709567604.2400014,LC414,1,4
2580,94:d4:69:fd:b1:eb:,Guest-CentraleSupelec,-62,1709567604.2400014,LC414,1,4
2581,94:d4:69:fd:b1:ec:,CD91,-62,1709567604.2400014,LC414,1,4
2582,94:d4:69:fd:b1:ef:,eduroam,-61,1709567604.2400014,LC414,1,4
2583,94:d4:69:fd:b2:23:,CD91,-81,1709567604.2400014,LC414,1,4
2584,94:d4:69:fd:b2:28:,stop&go,-84,1709567604.2400014,LC414,1,4
